2022/03/05-23:49:19.362777 7f557d164c80 RocksDB version: 6.17.0
2022/03/05-23:49:19.362840 7f557d164c80 Git sha 0
2022/03/05-23:49:19.362932 7f557d164c80 DB SUMMARY
2022/03/05-23:49:19.362938 7f557d164c80 DB Session ID:  EDYYZ6CASJKPHIGAAFHS
2022/03/05-23:49:19.362960 7f557d164c80 SST files in /home/patrick/InternetComputer/motokoBootcamp/hello/dailyChallenges/day_1/.dfx/state/replicated_state/node-100/ic_consensus_pool/certification dir, Total Num: 0, files: 
2022/03/05-23:49:19.362964 7f557d164c80 Write Ahead Log file in /home/patrick/InternetComputer/motokoBootcamp/hello/dailyChallenges/day_1/.dfx/state/replicated_state/node-100/ic_consensus_pool/certification: 
2022/03/05-23:49:19.362967 7f557d164c80                         Options.error_if_exists: 0
2022/03/05-23:49:19.362969 7f557d164c80                       Options.create_if_missing: 1
2022/03/05-23:49:19.362972 7f557d164c80                         Options.paranoid_checks: 1
2022/03/05-23:49:19.362974 7f557d164c80                               Options.track_and_verify_wals_in_manifest: 0
2022/03/05-23:49:19.362976 7f557d164c80                                     Options.env: 0x55e4e14062e0
2022/03/05-23:49:19.362979 7f557d164c80                                      Options.fs: Posix File System
2022/03/05-23:49:19.362981 7f557d164c80                                Options.info_log: 0x55e517dbd690
2022/03/05-23:49:19.362983 7f557d164c80                Options.max_file_opening_threads: 16
2022/03/05-23:49:19.362985 7f557d164c80                              Options.statistics: (nil)
2022/03/05-23:49:19.362988 7f557d164c80                               Options.use_fsync: 1
2022/03/05-23:49:19.362990 7f557d164c80                       Options.max_log_file_size: 0
2022/03/05-23:49:19.362992 7f557d164c80                  Options.max_manifest_file_size: 1073741824
2022/03/05-23:49:19.362994 7f557d164c80                   Options.log_file_time_to_roll: 0
2022/03/05-23:49:19.362997 7f557d164c80                       Options.keep_log_file_num: 1000
2022/03/05-23:49:19.362999 7f557d164c80                    Options.recycle_log_file_num: 0
2022/03/05-23:49:19.363001 7f557d164c80                         Options.allow_fallocate: 1
2022/03/05-23:49:19.363003 7f557d164c80                        Options.allow_mmap_reads: 0
2022/03/05-23:49:19.363005 7f557d164c80                       Options.allow_mmap_writes: 0
2022/03/05-23:49:19.363007 7f557d164c80                        Options.use_direct_reads: 0
2022/03/05-23:49:19.363009 7f557d164c80                        Options.use_direct_io_for_flush_and_compaction: 0
2022/03/05-23:49:19.363011 7f557d164c80          Options.create_missing_column_families: 1
2022/03/05-23:49:19.363013 7f557d164c80                              Options.db_log_dir: 
2022/03/05-23:49:19.363015 7f557d164c80                                 Options.wal_dir: /home/patrick/InternetComputer/motokoBootcamp/hello/dailyChallenges/day_1/.dfx/state/replicated_state/node-100/ic_consensus_pool/certification
2022/03/05-23:49:19.363017 7f557d164c80                Options.table_cache_numshardbits: 6
2022/03/05-23:49:19.363019 7f557d164c80                         Options.WAL_ttl_seconds: 0
2022/03/05-23:49:19.363022 7f557d164c80                       Options.WAL_size_limit_MB: 0
2022/03/05-23:49:19.363024 7f557d164c80                        Options.max_write_batch_group_size_bytes: 1048576
2022/03/05-23:49:19.363026 7f557d164c80             Options.manifest_preallocation_size: 4194304
2022/03/05-23:49:19.363028 7f557d164c80                     Options.is_fd_close_on_exec: 1
2022/03/05-23:49:19.363030 7f557d164c80                   Options.advise_random_on_open: 1
2022/03/05-23:49:19.363032 7f557d164c80                    Options.db_write_buffer_size: 0
2022/03/05-23:49:19.363034 7f557d164c80                    Options.write_buffer_manager: 0x55e517c99b90
2022/03/05-23:49:19.363036 7f557d164c80         Options.access_hint_on_compaction_start: 1
2022/03/05-23:49:19.363038 7f557d164c80  Options.new_table_reader_for_compaction_inputs: 0
2022/03/05-23:49:19.363040 7f557d164c80           Options.random_access_max_buffer_size: 1048576
2022/03/05-23:49:19.363042 7f557d164c80                      Options.use_adaptive_mutex: 0
2022/03/05-23:49:19.363065 7f557d164c80                            Options.rate_limiter: (nil)
2022/03/05-23:49:19.363068 7f557d164c80     Options.sst_file_manager.rate_bytes_per_sec: 0
2022/03/05-23:49:19.363070 7f557d164c80                       Options.wal_recovery_mode: 2
2022/03/05-23:49:19.363072 7f557d164c80                  Options.enable_thread_tracking: 0
2022/03/05-23:49:19.363074 7f557d164c80                  Options.enable_pipelined_write: 0
2022/03/05-23:49:19.363076 7f557d164c80                  Options.unordered_write: 0
2022/03/05-23:49:19.363078 7f557d164c80         Options.allow_concurrent_memtable_write: 1
2022/03/05-23:49:19.363080 7f557d164c80      Options.enable_write_thread_adaptive_yield: 1
2022/03/05-23:49:19.363082 7f557d164c80             Options.write_thread_max_yield_usec: 100
2022/03/05-23:49:19.363084 7f557d164c80            Options.write_thread_slow_yield_usec: 3
2022/03/05-23:49:19.363086 7f557d164c80                               Options.row_cache: None
2022/03/05-23:49:19.363088 7f557d164c80                              Options.wal_filter: None
2022/03/05-23:49:19.363091 7f557d164c80             Options.avoid_flush_during_recovery: 0
2022/03/05-23:49:19.363093 7f557d164c80             Options.allow_ingest_behind: 0
2022/03/05-23:49:19.363095 7f557d164c80             Options.preserve_deletes: 0
2022/03/05-23:49:19.363097 7f557d164c80             Options.two_write_queues: 0
2022/03/05-23:49:19.363099 7f557d164c80             Options.manual_wal_flush: 0
2022/03/05-23:49:19.363101 7f557d164c80             Options.atomic_flush: 0
2022/03/05-23:49:19.363103 7f557d164c80             Options.avoid_unnecessary_blocking_io: 0
2022/03/05-23:49:19.363105 7f557d164c80                 Options.persist_stats_to_disk: 0
2022/03/05-23:49:19.363107 7f557d164c80                 Options.write_dbid_to_manifest: 0
2022/03/05-23:49:19.363109 7f557d164c80                 Options.log_readahead_size: 0
2022/03/05-23:49:19.363111 7f557d164c80                 Options.file_checksum_gen_factory: Unknown
2022/03/05-23:49:19.363113 7f557d164c80                 Options.best_efforts_recovery: 0
2022/03/05-23:49:19.363115 7f557d164c80                Options.max_bgerror_resume_count: 2147483647
2022/03/05-23:49:19.363117 7f557d164c80            Options.bgerror_resume_retry_interval: 1000000
2022/03/05-23:49:19.363119 7f557d164c80             Options.allow_data_in_errors: 0
2022/03/05-23:49:19.363121 7f557d164c80             Options.db_host_id: __hostname__
2022/03/05-23:49:19.363123 7f557d164c80             Options.max_background_jobs: 2
2022/03/05-23:49:19.363125 7f557d164c80             Options.max_background_compactions: -1
2022/03/05-23:49:19.363127 7f557d164c80             Options.max_subcompactions: 1
2022/03/05-23:49:19.363129 7f557d164c80             Options.avoid_flush_during_shutdown: 0
2022/03/05-23:49:19.363131 7f557d164c80           Options.writable_file_max_buffer_size: 1048576
2022/03/05-23:49:19.363133 7f557d164c80             Options.delayed_write_rate : 16777216
2022/03/05-23:49:19.363136 7f557d164c80             Options.max_total_wal_size: 0
2022/03/05-23:49:19.363138 7f557d164c80             Options.delete_obsolete_files_period_micros: 21600000000
2022/03/05-23:49:19.363140 7f557d164c80                   Options.stats_dump_period_sec: 600
2022/03/05-23:49:19.363142 7f557d164c80                 Options.stats_persist_period_sec: 600
2022/03/05-23:49:19.363144 7f557d164c80                 Options.stats_history_buffer_size: 1048576
2022/03/05-23:49:19.363146 7f557d164c80                          Options.max_open_files: -1
2022/03/05-23:49:19.363148 7f557d164c80                          Options.bytes_per_sync: 0
2022/03/05-23:49:19.363150 7f557d164c80                      Options.wal_bytes_per_sync: 0
2022/03/05-23:49:19.363152 7f557d164c80                   Options.strict_bytes_per_sync: 0
2022/03/05-23:49:19.363154 7f557d164c80       Options.compaction_readahead_size: 0
2022/03/05-23:49:19.363156 7f557d164c80                  Options.max_background_flushes: -1
2022/03/05-23:49:19.363167 7f557d164c80 Compression algorithms supported:
2022/03/05-23:49:19.363169 7f557d164c80 	kZSTDNotFinalCompression supported: 1
2022/03/05-23:49:19.363172 7f557d164c80 	kZSTD supported: 1
2022/03/05-23:49:19.363175 7f557d164c80 	kXpressCompression supported: 0
2022/03/05-23:49:19.363177 7f557d164c80 	kLZ4HCCompression supported: 1
2022/03/05-23:49:19.363179 7f557d164c80 	kLZ4Compression supported: 1
2022/03/05-23:49:19.363182 7f557d164c80 	kBZip2Compression supported: 1
2022/03/05-23:49:19.363184 7f557d164c80 	kZlibCompression supported: 1
2022/03/05-23:49:19.363186 7f557d164c80 	kSnappyCompression supported: 1
2022/03/05-23:49:19.363194 7f557d164c80 Fast CRC32 supported: Supported on x86
2022/03/05-23:49:19.368284 7f557d164c80 [db/db_impl/db_impl_open.cc:283] Creating manifest 1 
2022/03/05-23:49:19.386463 7f557d164c80 [db/version_set.cc:4758] Recovering from manifest file: /home/patrick/InternetComputer/motokoBootcamp/hello/dailyChallenges/day_1/.dfx/state/replicated_state/node-100/ic_consensus_pool/certification/MANIFEST-000001
2022/03/05-23:49:19.386669 7f557d164c80 [db/column_family.cc:595] --------------- Options for column family [default]:
2022/03/05-23:49:19.386676 7f557d164c80               Options.comparator: leveldb.BytewiseComparator
2022/03/05-23:49:19.386679 7f557d164c80           Options.merge_operator: None
2022/03/05-23:49:19.386681 7f557d164c80        Options.compaction_filter: None
2022/03/05-23:49:19.386683 7f557d164c80        Options.compaction_filter_factory: None
2022/03/05-23:49:19.386685 7f557d164c80  Options.sst_partitioner_factory: None
2022/03/05-23:49:19.386687 7f557d164c80         Options.memtable_factory: SkipListFactory
2022/03/05-23:49:19.386689 7f557d164c80            Options.table_factory: BlockBasedTable
2022/03/05-23:49:19.386738 7f557d164c80            table_factory options:   flush_block_policy_factory: FlushBlockBySizePolicyFactory (0x55e517d22590)
  cache_index_and_filter_blocks: 0
  cache_index_and_filter_blocks_with_high_priority: 1
  pin_l0_filter_and_index_blocks_in_cache: 0
  pin_top_level_index_and_filter: 1
  index_type: 0
  data_block_index_type: 0
  index_shortening: 1
  data_block_hash_table_util_ratio: 0.750000
  hash_index_allow_collision: 1
  checksum: 1
  no_block_cache: 0
  block_cache: 0x55e517cefbd0
  block_cache_name: LRUCache
  block_cache_options:
    capacity : 8388608
    num_shard_bits : 4
    strict_capacity_limit : 0
    memory_allocator : None
    high_pri_pool_ratio: 0.000
  block_cache_compressed: (nil)
  persistent_cache: (nil)
  block_size: 4096
  block_size_deviation: 10
  block_restart_interval: 16
  index_block_restart_interval: 1
  metadata_block_size: 4096
  partition_filters: 0
  use_delta_encoding: 1
  filter_policy: nullptr
  whole_key_filtering: 1
  verify_compression: 0
  read_amp_bytes_per_bit: 0
  format_version: 4
  enable_index_compression: 1
  block_align: 0
2022/03/05-23:49:19.386741 7f557d164c80        Options.write_buffer_size: 67108864
2022/03/05-23:49:19.386743 7f557d164c80  Options.max_write_buffer_number: 2
2022/03/05-23:49:19.386745 7f557d164c80          Options.compression: Snappy
2022/03/05-23:49:19.386747 7f557d164c80                  Options.bottommost_compression: Disabled
2022/03/05-23:49:19.386749 7f557d164c80       Options.prefix_extractor: nullptr
2022/03/05-23:49:19.386751 7f557d164c80   Options.memtable_insert_with_hint_prefix_extractor: nullptr
2022/03/05-23:49:19.386753 7f557d164c80             Options.num_levels: 7
2022/03/05-23:49:19.386755 7f557d164c80        Options.min_write_buffer_number_to_merge: 1
2022/03/05-23:49:19.386757 7f557d164c80     Options.max_write_buffer_number_to_maintain: 0
2022/03/05-23:49:19.386758 7f557d164c80     Options.max_write_buffer_size_to_maintain: 0
2022/03/05-23:49:19.386760 7f557d164c80            Options.bottommost_compression_opts.window_bits: -14
2022/03/05-23:49:19.386762 7f557d164c80                  Options.bottommost_compression_opts.level: 32767
2022/03/05-23:49:19.386764 7f557d164c80               Options.bottommost_compression_opts.strategy: 0
2022/03/05-23:49:19.386793 7f557d164c80         Options.bottommost_compression_opts.max_dict_bytes: 0
2022/03/05-23:49:19.386795 7f557d164c80         Options.bottommost_compression_opts.zstd_max_train_bytes: 0
2022/03/05-23:49:19.386797 7f557d164c80         Options.bottommost_compression_opts.parallel_threads: 1
2022/03/05-23:49:19.386799 7f557d164c80                  Options.bottommost_compression_opts.enabled: false
2022/03/05-23:49:19.386801 7f557d164c80            Options.compression_opts.window_bits: -14
2022/03/05-23:49:19.386803 7f557d164c80                  Options.compression_opts.level: 32767
2022/03/05-23:49:19.386805 7f557d164c80               Options.compression_opts.strategy: 0
2022/03/05-23:49:19.386806 7f557d164c80         Options.compression_opts.max_dict_bytes: 0
2022/03/05-23:49:19.386808 7f557d164c80         Options.compression_opts.zstd_max_train_bytes: 0
2022/03/05-23:49:19.386810 7f557d164c80         Options.compression_opts.parallel_threads: 1
2022/03/05-23:49:19.386812 7f557d164c80                  Options.compression_opts.enabled: false
2022/03/05-23:49:19.386814 7f557d164c80      Options.level0_file_num_compaction_trigger: 4
2022/03/05-23:49:19.386815 7f557d164c80          Options.level0_slowdown_writes_trigger: 20
2022/03/05-23:49:19.386817 7f557d164c80              Options.level0_stop_writes_trigger: 36
2022/03/05-23:49:19.386819 7f557d164c80                   Options.target_file_size_base: 67108864
2022/03/05-23:49:19.386821 7f557d164c80             Options.target_file_size_multiplier: 1
2022/03/05-23:49:19.386823 7f557d164c80                Options.max_bytes_for_level_base: 268435456
2022/03/05-23:49:19.386825 7f557d164c80 Options.level_compaction_dynamic_level_bytes: 0
2022/03/05-23:49:19.386827 7f557d164c80          Options.max_bytes_for_level_multiplier: 10.000000
2022/03/05-23:49:19.386831 7f557d164c80 Options.max_bytes_for_level_multiplier_addtl[0]: 1
2022/03/05-23:49:19.386833 7f557d164c80 Options.max_bytes_for_level_multiplier_addtl[1]: 1
2022/03/05-23:49:19.386835 7f557d164c80 Options.max_bytes_for_level_multiplier_addtl[2]: 1
2022/03/05-23:49:19.386836 7f557d164c80 Options.max_bytes_for_level_multiplier_addtl[3]: 1
2022/03/05-23:49:19.386838 7f557d164c80 Options.max_bytes_for_level_multiplier_addtl[4]: 1
2022/03/05-23:49:19.386840 7f557d164c80 Options.max_bytes_for_level_multiplier_addtl[5]: 1
2022/03/05-23:49:19.386842 7f557d164c80 Options.max_bytes_for_level_multiplier_addtl[6]: 1
2022/03/05-23:49:19.386844 7f557d164c80       Options.max_sequential_skip_in_iterations: 8
2022/03/05-23:49:19.386846 7f557d164c80                    Options.max_compaction_bytes: 1677721600
2022/03/05-23:49:19.386848 7f557d164c80                        Options.arena_block_size: 8388608
2022/03/05-23:49:19.386849 7f557d164c80   Options.soft_pending_compaction_bytes_limit: 68719476736
2022/03/05-23:49:19.386851 7f557d164c80   Options.hard_pending_compaction_bytes_limit: 274877906944
2022/03/05-23:49:19.386853 7f557d164c80       Options.rate_limit_delay_max_milliseconds: 100
2022/03/05-23:49:19.386855 7f557d164c80                Options.disable_auto_compactions: 0
2022/03/05-23:49:19.386859 7f557d164c80                        Options.compaction_style: kCompactionStyleLevel
2022/03/05-23:49:19.386861 7f557d164c80                          Options.compaction_pri: kMinOverlappingRatio
2022/03/05-23:49:19.386863 7f557d164c80 Options.compaction_options_universal.size_ratio: 1
2022/03/05-23:49:19.386865 7f557d164c80 Options.compaction_options_universal.min_merge_width: 2
2022/03/05-23:49:19.386867 7f557d164c80 Options.compaction_options_universal.max_merge_width: 4294967295
2022/03/05-23:49:19.386869 7f557d164c80 Options.compaction_options_universal.max_size_amplification_percent: 200
2022/03/05-23:49:19.386871 7f557d164c80 Options.compaction_options_universal.compression_size_percent: -1
2022/03/05-23:49:19.386873 7f557d164c80 Options.compaction_options_universal.stop_style: kCompactionStopStyleTotalSize
2022/03/05-23:49:19.386875 7f557d164c80 Options.compaction_options_fifo.max_table_files_size: 1073741824
2022/03/05-23:49:19.386885 7f557d164c80 Options.compaction_options_fifo.allow_compaction: 0
2022/03/05-23:49:19.386896 7f557d164c80                   Options.table_properties_collectors: 
2022/03/05-23:49:19.386898 7f557d164c80                   Options.inplace_update_support: 0
2022/03/05-23:49:19.386900 7f557d164c80                 Options.inplace_update_num_locks: 10000
2022/03/05-23:49:19.386902 7f557d164c80               Options.memtable_prefix_bloom_size_ratio: 0.000000
2022/03/05-23:49:19.386904 7f557d164c80               Options.memtable_whole_key_filtering: 0
2022/03/05-23:49:19.386906 7f557d164c80   Options.memtable_huge_page_size: 0
2022/03/05-23:49:19.386908 7f557d164c80                           Options.bloom_locality: 0
2022/03/05-23:49:19.386910 7f557d164c80                    Options.max_successive_merges: 0
2022/03/05-23:49:19.386911 7f557d164c80                Options.optimize_filters_for_hits: 0
2022/03/05-23:49:19.386913 7f557d164c80                Options.paranoid_file_checks: 0
2022/03/05-23:49:19.386915 7f557d164c80                Options.force_consistency_checks: 1
2022/03/05-23:49:19.386917 7f557d164c80                Options.report_bg_io_stats: 0
2022/03/05-23:49:19.386919 7f557d164c80                               Options.ttl: 2592000
2022/03/05-23:49:19.386920 7f557d164c80          Options.periodic_compaction_seconds: 0
2022/03/05-23:49:19.386922 7f557d164c80                    Options.enable_blob_files: false
2022/03/05-23:49:19.386924 7f557d164c80                        Options.min_blob_size: 0
2022/03/05-23:49:19.386926 7f557d164c80                       Options.blob_file_size: 268435456
2022/03/05-23:49:19.386928 7f557d164c80                Options.blob_compression_type: NoCompression
2022/03/05-23:49:19.386930 7f557d164c80       Options.enable_blob_garbage_collection: false
2022/03/05-23:49:19.386932 7f557d164c80   Options.blob_garbage_collection_age_cutoff: 0.250000
2022/03/05-23:49:19.389369 7f557d164c80 [db/version_set.cc:4798] Recovered from manifest file:/home/patrick/InternetComputer/motokoBootcamp/hello/dailyChallenges/day_1/.dfx/state/replicated_state/node-100/ic_consensus_pool/certification/MANIFEST-000001 succeeded,manifest_file_number is 1, next_file_number is 3, last_sequence is 0, log_number is 0,prev_log_number is 0,max_column_family is 0,min_log_number_to_keep is 0
2022/03/05-23:49:19.389384 7f557d164c80 [db/version_set.cc:4813] Column family [default] (ID 0), log number is 0
2022/03/05-23:49:19.389541 7f557d164c80 [db/version_set.cc:4112] Creating manifest 3
2022/03/05-23:49:19.415055 7f557d164c80 [db/column_family.cc:595] --------------- Options for column family [CE]:
2022/03/05-23:49:19.415071 7f557d164c80               Options.comparator: leveldb.BytewiseComparator
2022/03/05-23:49:19.415074 7f557d164c80           Options.merge_operator: None
2022/03/05-23:49:19.415078 7f557d164c80        Options.compaction_filter: filter_outdated
2022/03/05-23:49:19.415081 7f557d164c80        Options.compaction_filter_factory: None
2022/03/05-23:49:19.415082 7f557d164c80  Options.sst_partitioner_factory: None
2022/03/05-23:49:19.415084 7f557d164c80         Options.memtable_factory: SkipListFactory
2022/03/05-23:49:19.415086 7f557d164c80            Options.table_factory: BlockBasedTable
2022/03/05-23:49:19.415137 7f557d164c80            table_factory options:   flush_block_policy_factory: FlushBlockBySizePolicyFactory (0x55e517cce5a0)
  cache_index_and_filter_blocks: 0
  cache_index_and_filter_blocks_with_high_priority: 1
  pin_l0_filter_and_index_blocks_in_cache: 0
  pin_top_level_index_and_filter: 1
  index_type: 0
  data_block_index_type: 0
  index_shortening: 1
  data_block_hash_table_util_ratio: 0.750000
  hash_index_allow_collision: 1
  checksum: 1
  no_block_cache: 0
  block_cache: 0x55e517ccbb00
  block_cache_name: LRUCache
  block_cache_options:
    capacity : 8388608
    num_shard_bits : 4
    strict_capacity_limit : 0
    memory_allocator : None
    high_pri_pool_ratio: 0.000
  block_cache_compressed: (nil)
  persistent_cache: (nil)
  block_size: 4096
  block_size_deviation: 10
  block_restart_interval: 16
  index_block_restart_interval: 1
  metadata_block_size: 4096
  partition_filters: 0
  use_delta_encoding: 1
  filter_policy: nullptr
  whole_key_filtering: 1
  verify_compression: 0
  read_amp_bytes_per_bit: 0
  format_version: 4
  enable_index_compression: 1
  block_align: 0
2022/03/05-23:49:19.415141 7f557d164c80        Options.write_buffer_size: 67108864
2022/03/05-23:49:19.415143 7f557d164c80  Options.max_write_buffer_number: 2
2022/03/05-23:49:19.415145 7f557d164c80          Options.compression: NoCompression
2022/03/05-23:49:19.415147 7f557d164c80                  Options.bottommost_compression: Disabled
2022/03/05-23:49:19.415149 7f557d164c80       Options.prefix_extractor: nullptr
2022/03/05-23:49:19.415151 7f557d164c80   Options.memtable_insert_with_hint_prefix_extractor: nullptr
2022/03/05-23:49:19.415153 7f557d164c80             Options.num_levels: 7
2022/03/05-23:49:19.415155 7f557d164c80        Options.min_write_buffer_number_to_merge: 1
2022/03/05-23:49:19.415156 7f557d164c80     Options.max_write_buffer_number_to_maintain: 0
2022/03/05-23:49:19.415158 7f557d164c80     Options.max_write_buffer_size_to_maintain: 0
2022/03/05-23:49:19.415160 7f557d164c80            Options.bottommost_compression_opts.window_bits: -14
2022/03/05-23:49:19.415162 7f557d164c80                  Options.bottommost_compression_opts.level: 32767
2022/03/05-23:49:19.415164 7f557d164c80               Options.bottommost_compression_opts.strategy: 0
2022/03/05-23:49:19.415166 7f557d164c80         Options.bottommost_compression_opts.max_dict_bytes: 0
2022/03/05-23:49:19.415168 7f557d164c80         Options.bottommost_compression_opts.zstd_max_train_bytes: 0
2022/03/05-23:49:19.415170 7f557d164c80         Options.bottommost_compression_opts.parallel_threads: 1
2022/03/05-23:49:19.415172 7f557d164c80                  Options.bottommost_compression_opts.enabled: false
2022/03/05-23:49:19.415174 7f557d164c80            Options.compression_opts.window_bits: -14
2022/03/05-23:49:19.415176 7f557d164c80                  Options.compression_opts.level: 32767
2022/03/05-23:49:19.415178 7f557d164c80               Options.compression_opts.strategy: 0
2022/03/05-23:49:19.415179 7f557d164c80         Options.compression_opts.max_dict_bytes: 0
2022/03/05-23:49:19.415182 7f557d164c80         Options.compression_opts.zstd_max_train_bytes: 0
2022/03/05-23:49:19.415184 7f557d164c80         Options.compression_opts.parallel_threads: 1
2022/03/05-23:49:19.415186 7f557d164c80                  Options.compression_opts.enabled: false
2022/03/05-23:49:19.415236 7f557d164c80      Options.level0_file_num_compaction_trigger: 4
2022/03/05-23:49:19.415238 7f557d164c80          Options.level0_slowdown_writes_trigger: 20
2022/03/05-23:49:19.415240 7f557d164c80              Options.level0_stop_writes_trigger: 36
2022/03/05-23:49:19.415242 7f557d164c80                   Options.target_file_size_base: 67108864
2022/03/05-23:49:19.415244 7f557d164c80             Options.target_file_size_multiplier: 1
2022/03/05-23:49:19.415245 7f557d164c80                Options.max_bytes_for_level_base: 268435456
2022/03/05-23:49:19.415247 7f557d164c80 Options.level_compaction_dynamic_level_bytes: 0
2022/03/05-23:49:19.415249 7f557d164c80          Options.max_bytes_for_level_multiplier: 10.000000
2022/03/05-23:49:19.415253 7f557d164c80 Options.max_bytes_for_level_multiplier_addtl[0]: 1
2022/03/05-23:49:19.415255 7f557d164c80 Options.max_bytes_for_level_multiplier_addtl[1]: 1
2022/03/05-23:49:19.415257 7f557d164c80 Options.max_bytes_for_level_multiplier_addtl[2]: 1
2022/03/05-23:49:19.415259 7f557d164c80 Options.max_bytes_for_level_multiplier_addtl[3]: 1
2022/03/05-23:49:19.415261 7f557d164c80 Options.max_bytes_for_level_multiplier_addtl[4]: 1
2022/03/05-23:49:19.415263 7f557d164c80 Options.max_bytes_for_level_multiplier_addtl[5]: 1
2022/03/05-23:49:19.415265 7f557d164c80 Options.max_bytes_for_level_multiplier_addtl[6]: 1
2022/03/05-23:49:19.415266 7f557d164c80       Options.max_sequential_skip_in_iterations: 8
2022/03/05-23:49:19.415268 7f557d164c80                    Options.max_compaction_bytes: 1677721600
2022/03/05-23:49:19.415270 7f557d164c80                        Options.arena_block_size: 8388608
2022/03/05-23:49:19.415272 7f557d164c80   Options.soft_pending_compaction_bytes_limit: 68719476736
2022/03/05-23:49:19.415274 7f557d164c80   Options.hard_pending_compaction_bytes_limit: 274877906944
2022/03/05-23:49:19.415276 7f557d164c80       Options.rate_limit_delay_max_milliseconds: 100
2022/03/05-23:49:19.415278 7f557d164c80                Options.disable_auto_compactions: 1
2022/03/05-23:49:19.415282 7f557d164c80                        Options.compaction_style: kCompactionStyleLevel
2022/03/05-23:49:19.415285 7f557d164c80                          Options.compaction_pri: kMinOverlappingRatio
2022/03/05-23:49:19.415286 7f557d164c80 Options.compaction_options_universal.size_ratio: 1
2022/03/05-23:49:19.415288 7f557d164c80 Options.compaction_options_universal.min_merge_width: 2
2022/03/05-23:49:19.415290 7f557d164c80 Options.compaction_options_universal.max_merge_width: 4294967295
2022/03/05-23:49:19.415292 7f557d164c80 Options.compaction_options_universal.max_size_amplification_percent: 200
2022/03/05-23:49:19.415294 7f557d164c80 Options.compaction_options_universal.compression_size_percent: -1
2022/03/05-23:49:19.415296 7f557d164c80 Options.compaction_options_universal.stop_style: kCompactionStopStyleTotalSize
2022/03/05-23:49:19.415298 7f557d164c80 Options.compaction_options_fifo.max_table_files_size: 1073741824
2022/03/05-23:49:19.415300 7f557d164c80 Options.compaction_options_fifo.allow_compaction: 0
2022/03/05-23:49:19.415310 7f557d164c80                   Options.table_properties_collectors: 
2022/03/05-23:49:19.415312 7f557d164c80                   Options.inplace_update_support: 0
2022/03/05-23:49:19.415314 7f557d164c80                 Options.inplace_update_num_locks: 10000
2022/03/05-23:49:19.415316 7f557d164c80               Options.memtable_prefix_bloom_size_ratio: 0.000000
2022/03/05-23:49:19.415318 7f557d164c80               Options.memtable_whole_key_filtering: 0
2022/03/05-23:49:19.415320 7f557d164c80   Options.memtable_huge_page_size: 0
2022/03/05-23:49:19.415321 7f557d164c80                           Options.bloom_locality: 0
2022/03/05-23:49:19.415323 7f557d164c80                    Options.max_successive_merges: 0
2022/03/05-23:49:19.415325 7f557d164c80                Options.optimize_filters_for_hits: 0
2022/03/05-23:49:19.415327 7f557d164c80                Options.paranoid_file_checks: 0
2022/03/05-23:49:19.415329 7f557d164c80                Options.force_consistency_checks: 1
2022/03/05-23:49:19.415339 7f557d164c80                Options.report_bg_io_stats: 0
2022/03/05-23:49:19.415341 7f557d164c80                               Options.ttl: 2592000
2022/03/05-23:49:19.415343 7f557d164c80          Options.periodic_compaction_seconds: 2592000
2022/03/05-23:49:19.415345 7f557d164c80                    Options.enable_blob_files: false
2022/03/05-23:49:19.415346 7f557d164c80                        Options.min_blob_size: 0
2022/03/05-23:49:19.415348 7f557d164c80                       Options.blob_file_size: 268435456
2022/03/05-23:49:19.415350 7f557d164c80                Options.blob_compression_type: NoCompression
2022/03/05-23:49:19.415352 7f557d164c80       Options.enable_blob_garbage_collection: false
2022/03/05-23:49:19.415354 7f557d164c80   Options.blob_garbage_collection_age_cutoff: 0.250000
2022/03/05-23:49:19.415417 7f557d164c80 [db/db_impl/db_impl.cc:2654] Created column family [CE] (ID 1)
2022/03/05-23:49:19.427481 7f557d164c80 [db/column_family.cc:595] --------------- Options for column family [CES]:
2022/03/05-23:49:19.427496 7f557d164c80               Options.comparator: leveldb.BytewiseComparator
2022/03/05-23:49:19.427499 7f557d164c80           Options.merge_operator: None
2022/03/05-23:49:19.427503 7f557d164c80        Options.compaction_filter: filter_outdated
2022/03/05-23:49:19.427505 7f557d164c80        Options.compaction_filter_factory: None
2022/03/05-23:49:19.427507 7f557d164c80  Options.sst_partitioner_factory: None
2022/03/05-23:49:19.427509 7f557d164c80         Options.memtable_factory: SkipListFactory
2022/03/05-23:49:19.427511 7f557d164c80            Options.table_factory: BlockBasedTable
2022/03/05-23:49:19.427563 7f557d164c80            table_factory options:   flush_block_policy_factory: FlushBlockBySizePolicyFactory (0x55e517ccf380)
  cache_index_and_filter_blocks: 0
  cache_index_and_filter_blocks_with_high_priority: 1
  pin_l0_filter_and_index_blocks_in_cache: 0
  pin_top_level_index_and_filter: 1
  index_type: 0
  data_block_index_type: 0
  index_shortening: 1
  data_block_hash_table_util_ratio: 0.750000
  hash_index_allow_collision: 1
  checksum: 1
  no_block_cache: 0
  block_cache: 0x55e517cc3dd0
  block_cache_name: LRUCache
  block_cache_options:
    capacity : 8388608
    num_shard_bits : 4
    strict_capacity_limit : 0
    memory_allocator : None
    high_pri_pool_ratio: 0.000
  block_cache_compressed: (nil)
  persistent_cache: (nil)
  block_size: 4096
  block_size_deviation: 10
  block_restart_interval: 16
  index_block_restart_interval: 1
  metadata_block_size: 4096
  partition_filters: 0
  use_delta_encoding: 1
  filter_policy: nullptr
  whole_key_filtering: 1
  verify_compression: 0
  read_amp_bytes_per_bit: 0
  format_version: 4
  enable_index_compression: 1
  block_align: 0
2022/03/05-23:49:19.427566 7f557d164c80        Options.write_buffer_size: 67108864
2022/03/05-23:49:19.427568 7f557d164c80  Options.max_write_buffer_number: 2
2022/03/05-23:49:19.427570 7f557d164c80          Options.compression: NoCompression
2022/03/05-23:49:19.427572 7f557d164c80                  Options.bottommost_compression: Disabled
2022/03/05-23:49:19.427574 7f557d164c80       Options.prefix_extractor: nullptr
2022/03/05-23:49:19.427576 7f557d164c80   Options.memtable_insert_with_hint_prefix_extractor: nullptr
2022/03/05-23:49:19.427578 7f557d164c80             Options.num_levels: 7
2022/03/05-23:49:19.427580 7f557d164c80        Options.min_write_buffer_number_to_merge: 1
2022/03/05-23:49:19.427581 7f557d164c80     Options.max_write_buffer_number_to_maintain: 0
2022/03/05-23:49:19.427583 7f557d164c80     Options.max_write_buffer_size_to_maintain: 0
2022/03/05-23:49:19.427585 7f557d164c80            Options.bottommost_compression_opts.window_bits: -14
2022/03/05-23:49:19.427587 7f557d164c80                  Options.bottommost_compression_opts.level: 32767
2022/03/05-23:49:19.427589 7f557d164c80               Options.bottommost_compression_opts.strategy: 0
2022/03/05-23:49:19.427591 7f557d164c80         Options.bottommost_compression_opts.max_dict_bytes: 0
2022/03/05-23:49:19.427593 7f557d164c80         Options.bottommost_compression_opts.zstd_max_train_bytes: 0
2022/03/05-23:49:19.427595 7f557d164c80         Options.bottommost_compression_opts.parallel_threads: 1
2022/03/05-23:49:19.427597 7f557d164c80                  Options.bottommost_compression_opts.enabled: false
2022/03/05-23:49:19.427599 7f557d164c80            Options.compression_opts.window_bits: -14
2022/03/05-23:49:19.427601 7f557d164c80                  Options.compression_opts.level: 32767
2022/03/05-23:49:19.427603 7f557d164c80               Options.compression_opts.strategy: 0
2022/03/05-23:49:19.427605 7f557d164c80         Options.compression_opts.max_dict_bytes: 0
2022/03/05-23:49:19.427607 7f557d164c80         Options.compression_opts.zstd_max_train_bytes: 0
2022/03/05-23:49:19.427609 7f557d164c80         Options.compression_opts.parallel_threads: 1
2022/03/05-23:49:19.427611 7f557d164c80                  Options.compression_opts.enabled: false
2022/03/05-23:49:19.427631 7f557d164c80      Options.level0_file_num_compaction_trigger: 4
2022/03/05-23:49:19.427633 7f557d164c80          Options.level0_slowdown_writes_trigger: 20
2022/03/05-23:49:19.427635 7f557d164c80              Options.level0_stop_writes_trigger: 36
2022/03/05-23:49:19.427637 7f557d164c80                   Options.target_file_size_base: 67108864
2022/03/05-23:49:19.427639 7f557d164c80             Options.target_file_size_multiplier: 1
2022/03/05-23:49:19.427641 7f557d164c80                Options.max_bytes_for_level_base: 268435456
2022/03/05-23:49:19.427643 7f557d164c80 Options.level_compaction_dynamic_level_bytes: 0
2022/03/05-23:49:19.427645 7f557d164c80          Options.max_bytes_for_level_multiplier: 10.000000
2022/03/05-23:49:19.427649 7f557d164c80 Options.max_bytes_for_level_multiplier_addtl[0]: 1
2022/03/05-23:49:19.427651 7f557d164c80 Options.max_bytes_for_level_multiplier_addtl[1]: 1
2022/03/05-23:49:19.427653 7f557d164c80 Options.max_bytes_for_level_multiplier_addtl[2]: 1
2022/03/05-23:49:19.427655 7f557d164c80 Options.max_bytes_for_level_multiplier_addtl[3]: 1
2022/03/05-23:49:19.427657 7f557d164c80 Options.max_bytes_for_level_multiplier_addtl[4]: 1
2022/03/05-23:49:19.427659 7f557d164c80 Options.max_bytes_for_level_multiplier_addtl[5]: 1
2022/03/05-23:49:19.427660 7f557d164c80 Options.max_bytes_for_level_multiplier_addtl[6]: 1
2022/03/05-23:49:19.427662 7f557d164c80       Options.max_sequential_skip_in_iterations: 8
2022/03/05-23:49:19.427664 7f557d164c80                    Options.max_compaction_bytes: 1677721600
2022/03/05-23:49:19.427666 7f557d164c80                        Options.arena_block_size: 8388608
2022/03/05-23:49:19.427668 7f557d164c80   Options.soft_pending_compaction_bytes_limit: 68719476736
2022/03/05-23:49:19.427670 7f557d164c80   Options.hard_pending_compaction_bytes_limit: 274877906944
2022/03/05-23:49:19.427672 7f557d164c80       Options.rate_limit_delay_max_milliseconds: 100
2022/03/05-23:49:19.427673 7f557d164c80                Options.disable_auto_compactions: 1
2022/03/05-23:49:19.427678 7f557d164c80                        Options.compaction_style: kCompactionStyleLevel
2022/03/05-23:49:19.427680 7f557d164c80                          Options.compaction_pri: kMinOverlappingRatio
2022/03/05-23:49:19.427682 7f557d164c80 Options.compaction_options_universal.size_ratio: 1
2022/03/05-23:49:19.427684 7f557d164c80 Options.compaction_options_universal.min_merge_width: 2
2022/03/05-23:49:19.427686 7f557d164c80 Options.compaction_options_universal.max_merge_width: 4294967295
2022/03/05-23:49:19.427688 7f557d164c80 Options.compaction_options_universal.max_size_amplification_percent: 200
2022/03/05-23:49:19.427690 7f557d164c80 Options.compaction_options_universal.compression_size_percent: -1
2022/03/05-23:49:19.427692 7f557d164c80 Options.compaction_options_universal.stop_style: kCompactionStopStyleTotalSize
2022/03/05-23:49:19.427694 7f557d164c80 Options.compaction_options_fifo.max_table_files_size: 1073741824
2022/03/05-23:49:19.427696 7f557d164c80 Options.compaction_options_fifo.allow_compaction: 0
2022/03/05-23:49:19.427706 7f557d164c80                   Options.table_properties_collectors: 
2022/03/05-23:49:19.427708 7f557d164c80                   Options.inplace_update_support: 0
2022/03/05-23:49:19.427710 7f557d164c80                 Options.inplace_update_num_locks: 10000
2022/03/05-23:49:19.427712 7f557d164c80               Options.memtable_prefix_bloom_size_ratio: 0.000000
2022/03/05-23:49:19.427715 7f557d164c80               Options.memtable_whole_key_filtering: 0
2022/03/05-23:49:19.427716 7f557d164c80   Options.memtable_huge_page_size: 0
2022/03/05-23:49:19.427718 7f557d164c80                           Options.bloom_locality: 0
2022/03/05-23:49:19.427720 7f557d164c80                    Options.max_successive_merges: 0
2022/03/05-23:49:19.427722 7f557d164c80                Options.optimize_filters_for_hits: 0
2022/03/05-23:49:19.427723 7f557d164c80                Options.paranoid_file_checks: 0
2022/03/05-23:49:19.427725 7f557d164c80                Options.force_consistency_checks: 1
2022/03/05-23:49:19.427735 7f557d164c80                Options.report_bg_io_stats: 0
2022/03/05-23:49:19.427737 7f557d164c80                               Options.ttl: 2592000
2022/03/05-23:49:19.427739 7f557d164c80          Options.periodic_compaction_seconds: 2592000
2022/03/05-23:49:19.427741 7f557d164c80                    Options.enable_blob_files: false
2022/03/05-23:49:19.427743 7f557d164c80                        Options.min_blob_size: 0
2022/03/05-23:49:19.427745 7f557d164c80                       Options.blob_file_size: 268435456
2022/03/05-23:49:19.427747 7f557d164c80                Options.blob_compression_type: NoCompression
2022/03/05-23:49:19.427748 7f557d164c80       Options.enable_blob_garbage_collection: false
2022/03/05-23:49:19.427750 7f557d164c80   Options.blob_garbage_collection_age_cutoff: 0.250000
2022/03/05-23:49:19.427809 7f557d164c80 [db/db_impl/db_impl.cc:2654] Created column family [CES] (ID 2)
2022/03/05-23:49:19.449942 7f557d164c80 [db/db_impl/db_impl_open.cc:1708] SstFileManager instance 0x55e517d039f0
2022/03/05-23:49:19.449976 7f557d164c80 DB pointer 0x55e517ddfe40
2022/03/05-23:49:22.450541 7f54bd7fa700 [db/db_impl/db_impl.cc:927] ------- DUMPING STATS -------
2022/03/05-23:49:22.450647 7f54bd7fa700 [db/db_impl/db_impl.cc:929] 
** DB Stats **
Uptime(secs): 3.1 total, 3.1 interval
Cumulative writes: 8 writes, 8 keys, 8 commit groups, 0.9 writes per commit group, ingest: 0.00 GB, 0.00 MB/s
Cumulative WAL: 8 writes, 0 syncs, 8.00 writes per sync, written: 0.00 GB, 0.00 MB/s
Cumulative stall: 00:00:0.000 H:M:S, 0.0 percent
Interval writes: 8 writes, 8 keys, 8 commit groups, 0.9 writes per commit group, ingest: 0.00 MB, 0.00 MB/s
Interval WAL: 8 writes, 0 syncs, 8.00 writes per sync, written: 0.00 MB, 0.00 MB/s
Interval stall: 00:00:0.000 H:M:S, 0.0 percent

** Compaction Stats [default] **
Level    Files   Size     Score Read(GB)  Rn(GB) Rnp1(GB) Write(GB) Wnew(GB) Moved(GB) W-Amp Rd(MB/s) Wr(MB/s) Comp(sec) CompMergeCPU(sec) Comp(cnt) Avg(sec) KeyIn KeyDrop
----------------------------------------------------------------------------------------------------------------------------------------------------------------------------
 Sum      0/0    0.00 KB   0.0      0.0     0.0      0.0       0.0      0.0       0.0   0.0      0.0      0.0      0.00              0.00         0    0.000       0      0
 Int      0/0    0.00 KB   0.0      0.0     0.0      0.0       0.0      0.0       0.0   0.0      0.0      0.0      0.00              0.00         0    0.000       0      0

** Compaction Stats [default] **
Priority    Files   Size     Score Read(GB)  Rn(GB) Rnp1(GB) Write(GB) Wnew(GB) Moved(GB) W-Amp Rd(MB/s) Wr(MB/s) Comp(sec) CompMergeCPU(sec) Comp(cnt) Avg(sec) KeyIn KeyDrop
-------------------------------------------------------------------------------------------------------------------------------------------------------------------------------
Uptime(secs): 3.1 total, 3.1 interval
Flush(GB): cumulative 0.000, interval 0.000
AddFile(GB): cumulative 0.000, interval 0.000
AddFile(Total Files): cumulative 0, interval 0
AddFile(L0 Files): cumulative 0, interval 0
AddFile(Keys): cumulative 0, interval 0
Cumulative compaction: 0.00 GB write, 0.00 MB/s write, 0.00 GB read, 0.00 MB/s read, 0.0 seconds
Interval compaction: 0.00 GB write, 0.00 MB/s write, 0.00 GB read, 0.00 MB/s read, 0.0 seconds
