2022/03/07-20:51:22.935549 7f2ab0f34c80 RocksDB version: 6.17.0
2022/03/07-20:51:22.935616 7f2ab0f34c80 Git sha 0
2022/03/07-20:51:22.935666 7f2ab0f34c80 DB SUMMARY
2022/03/07-20:51:22.935668 7f2ab0f34c80 DB Session ID:  DLJLHZO13NWMC8UHZ6P2
2022/03/07-20:51:22.935696 7f2ab0f34c80 CURRENT file:  CURRENT
2022/03/07-20:51:22.935697 7f2ab0f34c80 IDENTITY file:  IDENTITY
2022/03/07-20:51:22.935699 7f2ab0f34c80 MANIFEST file:  MANIFEST-000003 size: 15823 Bytes
2022/03/07-20:51:22.935701 7f2ab0f34c80 SST files in /home/patrick/InternetComputer/motokoBootcamp/dailyChallenges/day_2/.dfx/state/replicated_state/node-100/ic_consensus_pool/consensus dir, Total Num: 12, files: 000107.sst 000109.sst 000111.sst 000113.sst 000115.sst 000117.sst 000119.sst 000121.sst 000123.sst 
2022/03/07-20:51:22.935702 7f2ab0f34c80 Write Ahead Log file in /home/patrick/InternetComputer/motokoBootcamp/dailyChallenges/day_2/.dfx/state/replicated_state/node-100/ic_consensus_pool/consensus: 000105.log size: 468 ; 000124.log size: 1816 ; 000127.log size: 9573435 ; 
2022/03/07-20:51:22.935703 7f2ab0f34c80                         Options.error_if_exists: 0
2022/03/07-20:51:22.935704 7f2ab0f34c80                       Options.create_if_missing: 1
2022/03/07-20:51:22.935704 7f2ab0f34c80                         Options.paranoid_checks: 1
2022/03/07-20:51:22.935705 7f2ab0f34c80                               Options.track_and_verify_wals_in_manifest: 0
2022/03/07-20:51:22.935706 7f2ab0f34c80                                     Options.env: 0x5629cac152e0
2022/03/07-20:51:22.935707 7f2ab0f34c80                                      Options.fs: Posix File System
2022/03/07-20:51:22.935707 7f2ab0f34c80                                Options.info_log: 0x562a015c2160
2022/03/07-20:51:22.935708 7f2ab0f34c80                Options.max_file_opening_threads: 16
2022/03/07-20:51:22.935708 7f2ab0f34c80                              Options.statistics: (nil)
2022/03/07-20:51:22.935709 7f2ab0f34c80                               Options.use_fsync: 1
2022/03/07-20:51:22.935710 7f2ab0f34c80                       Options.max_log_file_size: 0
2022/03/07-20:51:22.935711 7f2ab0f34c80                  Options.max_manifest_file_size: 1073741824
2022/03/07-20:51:22.935711 7f2ab0f34c80                   Options.log_file_time_to_roll: 0
2022/03/07-20:51:22.935712 7f2ab0f34c80                       Options.keep_log_file_num: 1000
2022/03/07-20:51:22.935713 7f2ab0f34c80                    Options.recycle_log_file_num: 0
2022/03/07-20:51:22.935713 7f2ab0f34c80                         Options.allow_fallocate: 1
2022/03/07-20:51:22.935714 7f2ab0f34c80                        Options.allow_mmap_reads: 0
2022/03/07-20:51:22.935715 7f2ab0f34c80                       Options.allow_mmap_writes: 0
2022/03/07-20:51:22.935715 7f2ab0f34c80                        Options.use_direct_reads: 0
2022/03/07-20:51:22.935716 7f2ab0f34c80                        Options.use_direct_io_for_flush_and_compaction: 0
2022/03/07-20:51:22.935716 7f2ab0f34c80          Options.create_missing_column_families: 1
2022/03/07-20:51:22.935717 7f2ab0f34c80                              Options.db_log_dir: 
2022/03/07-20:51:22.935718 7f2ab0f34c80                                 Options.wal_dir: /home/patrick/InternetComputer/motokoBootcamp/dailyChallenges/day_2/.dfx/state/replicated_state/node-100/ic_consensus_pool/consensus
2022/03/07-20:51:22.935718 7f2ab0f34c80                Options.table_cache_numshardbits: 6
2022/03/07-20:51:22.935719 7f2ab0f34c80                         Options.WAL_ttl_seconds: 0
2022/03/07-20:51:22.935719 7f2ab0f34c80                       Options.WAL_size_limit_MB: 0
2022/03/07-20:51:22.935720 7f2ab0f34c80                        Options.max_write_batch_group_size_bytes: 1048576
2022/03/07-20:51:22.935721 7f2ab0f34c80             Options.manifest_preallocation_size: 4194304
2022/03/07-20:51:22.935721 7f2ab0f34c80                     Options.is_fd_close_on_exec: 1
2022/03/07-20:51:22.935722 7f2ab0f34c80                   Options.advise_random_on_open: 1
2022/03/07-20:51:22.935722 7f2ab0f34c80                    Options.db_write_buffer_size: 0
2022/03/07-20:51:22.935723 7f2ab0f34c80                    Options.write_buffer_manager: 0x562a015f1a50
2022/03/07-20:51:22.935731 7f2ab0f34c80         Options.access_hint_on_compaction_start: 1
2022/03/07-20:51:22.935732 7f2ab0f34c80  Options.new_table_reader_for_compaction_inputs: 0
2022/03/07-20:51:22.935733 7f2ab0f34c80           Options.random_access_max_buffer_size: 1048576
2022/03/07-20:51:22.935734 7f2ab0f34c80                      Options.use_adaptive_mutex: 0
2022/03/07-20:51:22.935734 7f2ab0f34c80                            Options.rate_limiter: (nil)
2022/03/07-20:51:22.935735 7f2ab0f34c80     Options.sst_file_manager.rate_bytes_per_sec: 0
2022/03/07-20:51:22.935736 7f2ab0f34c80                       Options.wal_recovery_mode: 2
2022/03/07-20:51:22.935737 7f2ab0f34c80                  Options.enable_thread_tracking: 0
2022/03/07-20:51:22.935737 7f2ab0f34c80                  Options.enable_pipelined_write: 0
2022/03/07-20:51:22.935738 7f2ab0f34c80                  Options.unordered_write: 0
2022/03/07-20:51:22.935738 7f2ab0f34c80         Options.allow_concurrent_memtable_write: 1
2022/03/07-20:51:22.935739 7f2ab0f34c80      Options.enable_write_thread_adaptive_yield: 1
2022/03/07-20:51:22.935740 7f2ab0f34c80             Options.write_thread_max_yield_usec: 100
2022/03/07-20:51:22.935740 7f2ab0f34c80            Options.write_thread_slow_yield_usec: 3
2022/03/07-20:51:22.935741 7f2ab0f34c80                               Options.row_cache: None
2022/03/07-20:51:22.935742 7f2ab0f34c80                              Options.wal_filter: None
2022/03/07-20:51:22.935743 7f2ab0f34c80             Options.avoid_flush_during_recovery: 0
2022/03/07-20:51:22.935744 7f2ab0f34c80             Options.allow_ingest_behind: 0
2022/03/07-20:51:22.935744 7f2ab0f34c80             Options.preserve_deletes: 0
2022/03/07-20:51:22.935745 7f2ab0f34c80             Options.two_write_queues: 0
2022/03/07-20:51:22.935746 7f2ab0f34c80             Options.manual_wal_flush: 0
2022/03/07-20:51:22.935746 7f2ab0f34c80             Options.atomic_flush: 0
2022/03/07-20:51:22.935747 7f2ab0f34c80             Options.avoid_unnecessary_blocking_io: 0
2022/03/07-20:51:22.935747 7f2ab0f34c80                 Options.persist_stats_to_disk: 0
2022/03/07-20:51:22.935748 7f2ab0f34c80                 Options.write_dbid_to_manifest: 0
2022/03/07-20:51:22.935749 7f2ab0f34c80                 Options.log_readahead_size: 0
2022/03/07-20:51:22.935749 7f2ab0f34c80                 Options.file_checksum_gen_factory: Unknown
2022/03/07-20:51:22.935750 7f2ab0f34c80                 Options.best_efforts_recovery: 0
2022/03/07-20:51:22.935751 7f2ab0f34c80                Options.max_bgerror_resume_count: 2147483647
2022/03/07-20:51:22.935752 7f2ab0f34c80            Options.bgerror_resume_retry_interval: 1000000
2022/03/07-20:51:22.935752 7f2ab0f34c80             Options.allow_data_in_errors: 0
2022/03/07-20:51:22.935753 7f2ab0f34c80             Options.db_host_id: __hostname__
2022/03/07-20:51:22.935754 7f2ab0f34c80             Options.max_background_jobs: 2
2022/03/07-20:51:22.935754 7f2ab0f34c80             Options.max_background_compactions: -1
2022/03/07-20:51:22.935755 7f2ab0f34c80             Options.max_subcompactions: 1
2022/03/07-20:51:22.935756 7f2ab0f34c80             Options.avoid_flush_during_shutdown: 0
2022/03/07-20:51:22.935756 7f2ab0f34c80           Options.writable_file_max_buffer_size: 1048576
2022/03/07-20:51:22.935757 7f2ab0f34c80             Options.delayed_write_rate : 16777216
2022/03/07-20:51:22.935757 7f2ab0f34c80             Options.max_total_wal_size: 0
2022/03/07-20:51:22.935758 7f2ab0f34c80             Options.delete_obsolete_files_period_micros: 21600000000
2022/03/07-20:51:22.935759 7f2ab0f34c80                   Options.stats_dump_period_sec: 600
2022/03/07-20:51:22.935759 7f2ab0f34c80                 Options.stats_persist_period_sec: 600
2022/03/07-20:51:22.935760 7f2ab0f34c80                 Options.stats_history_buffer_size: 1048576
2022/03/07-20:51:22.935761 7f2ab0f34c80                          Options.max_open_files: -1
2022/03/07-20:51:22.935761 7f2ab0f34c80                          Options.bytes_per_sync: 0
2022/03/07-20:51:22.935765 7f2ab0f34c80                      Options.wal_bytes_per_sync: 0
2022/03/07-20:51:22.935766 7f2ab0f34c80                   Options.strict_bytes_per_sync: 0
2022/03/07-20:51:22.935767 7f2ab0f34c80       Options.compaction_readahead_size: 0
2022/03/07-20:51:22.935767 7f2ab0f34c80                  Options.max_background_flushes: -1
2022/03/07-20:51:22.935768 7f2ab0f34c80 Compression algorithms supported:
2022/03/07-20:51:22.935769 7f2ab0f34c80 	kZSTDNotFinalCompression supported: 1
2022/03/07-20:51:22.935771 7f2ab0f34c80 	kZSTD supported: 1
2022/03/07-20:51:22.935772 7f2ab0f34c80 	kXpressCompression supported: 0
2022/03/07-20:51:22.935772 7f2ab0f34c80 	kLZ4HCCompression supported: 1
2022/03/07-20:51:22.935773 7f2ab0f34c80 	kLZ4Compression supported: 1
2022/03/07-20:51:22.935774 7f2ab0f34c80 	kBZip2Compression supported: 1
2022/03/07-20:51:22.935775 7f2ab0f34c80 	kZlibCompression supported: 1
2022/03/07-20:51:22.935775 7f2ab0f34c80 	kSnappyCompression supported: 1
2022/03/07-20:51:22.935779 7f2ab0f34c80 Fast CRC32 supported: Supported on x86
2022/03/07-20:51:22.936211 7f2ab0f34c80 [db/version_set.cc:4758] Recovering from manifest file: /home/patrick/InternetComputer/motokoBootcamp/dailyChallenges/day_2/.dfx/state/replicated_state/node-100/ic_consensus_pool/consensus/MANIFEST-000003
2022/03/07-20:51:22.936470 7f2ab0f34c80 [db/column_family.cc:595] --------------- Options for column family [default]:
2022/03/07-20:51:22.936474 7f2ab0f34c80               Options.comparator: leveldb.BytewiseComparator
2022/03/07-20:51:22.936477 7f2ab0f34c80           Options.merge_operator: None
2022/03/07-20:51:22.936477 7f2ab0f34c80        Options.compaction_filter: None
2022/03/07-20:51:22.936478 7f2ab0f34c80        Options.compaction_filter_factory: None
2022/03/07-20:51:22.936479 7f2ab0f34c80  Options.sst_partitioner_factory: None
2022/03/07-20:51:22.936480 7f2ab0f34c80         Options.memtable_factory: SkipListFactory
2022/03/07-20:51:22.936480 7f2ab0f34c80            Options.table_factory: BlockBasedTable
2022/03/07-20:51:22.936515 7f2ab0f34c80            table_factory options:   flush_block_policy_factory: FlushBlockBySizePolicyFactory (0x562a015ef490)
  cache_index_and_filter_blocks: 0
  cache_index_and_filter_blocks_with_high_priority: 1
  pin_l0_filter_and_index_blocks_in_cache: 0
  pin_top_level_index_and_filter: 1
  index_type: 0
  data_block_index_type: 0
  index_shortening: 1
  data_block_hash_table_util_ratio: 0.750000
  hash_index_allow_collision: 1
  checksum: 1
  no_block_cache: 0
  block_cache: 0x562a015ef4e0
  block_cache_name: LRUCache
  block_cache_options:
    capacity : 8388608
    num_shard_bits : 4
    strict_capacity_limit : 0
    memory_allocator : None
    high_pri_pool_ratio: 0.000
  block_cache_compressed: (nil)
  persistent_cache: (nil)
  block_size: 4096
  block_size_deviation: 10
  block_restart_interval: 16
  index_block_restart_interval: 1
  metadata_block_size: 4096
  partition_filters: 0
  use_delta_encoding: 1
  filter_policy: nullptr
  whole_key_filtering: 1
  verify_compression: 0
  read_amp_bytes_per_bit: 0
  format_version: 4
  enable_index_compression: 1
  block_align: 0
2022/03/07-20:51:22.936516 7f2ab0f34c80        Options.write_buffer_size: 67108864
2022/03/07-20:51:22.936516 7f2ab0f34c80  Options.max_write_buffer_number: 2
2022/03/07-20:51:22.936519 7f2ab0f34c80          Options.compression: Snappy
2022/03/07-20:51:22.936519 7f2ab0f34c80                  Options.bottommost_compression: Disabled
2022/03/07-20:51:22.936520 7f2ab0f34c80       Options.prefix_extractor: nullptr
2022/03/07-20:51:22.936521 7f2ab0f34c80   Options.memtable_insert_with_hint_prefix_extractor: nullptr
2022/03/07-20:51:22.936522 7f2ab0f34c80             Options.num_levels: 7
2022/03/07-20:51:22.936522 7f2ab0f34c80        Options.min_write_buffer_number_to_merge: 1
2022/03/07-20:51:22.936523 7f2ab0f34c80     Options.max_write_buffer_number_to_maintain: 0
2022/03/07-20:51:22.936524 7f2ab0f34c80     Options.max_write_buffer_size_to_maintain: 0
2022/03/07-20:51:22.936525 7f2ab0f34c80            Options.bottommost_compression_opts.window_bits: -14
2022/03/07-20:51:22.936547 7f2ab0f34c80                  Options.bottommost_compression_opts.level: 32767
2022/03/07-20:51:22.936549 7f2ab0f34c80               Options.bottommost_compression_opts.strategy: 0
2022/03/07-20:51:22.936550 7f2ab0f34c80         Options.bottommost_compression_opts.max_dict_bytes: 0
2022/03/07-20:51:22.936550 7f2ab0f34c80         Options.bottommost_compression_opts.zstd_max_train_bytes: 0
2022/03/07-20:51:22.936552 7f2ab0f34c80         Options.bottommost_compression_opts.parallel_threads: 1
2022/03/07-20:51:22.936552 7f2ab0f34c80                  Options.bottommost_compression_opts.enabled: false
2022/03/07-20:51:22.936553 7f2ab0f34c80            Options.compression_opts.window_bits: -14
2022/03/07-20:51:22.936554 7f2ab0f34c80                  Options.compression_opts.level: 32767
2022/03/07-20:51:22.936555 7f2ab0f34c80               Options.compression_opts.strategy: 0
2022/03/07-20:51:22.936557 7f2ab0f34c80         Options.compression_opts.max_dict_bytes: 0
2022/03/07-20:51:22.936557 7f2ab0f34c80         Options.compression_opts.zstd_max_train_bytes: 0
2022/03/07-20:51:22.936558 7f2ab0f34c80         Options.compression_opts.parallel_threads: 1
2022/03/07-20:51:22.936559 7f2ab0f34c80                  Options.compression_opts.enabled: false
2022/03/07-20:51:22.936559 7f2ab0f34c80      Options.level0_file_num_compaction_trigger: 4
2022/03/07-20:51:22.936560 7f2ab0f34c80          Options.level0_slowdown_writes_trigger: 20
2022/03/07-20:51:22.936561 7f2ab0f34c80              Options.level0_stop_writes_trigger: 36
2022/03/07-20:51:22.936561 7f2ab0f34c80                   Options.target_file_size_base: 67108864
2022/03/07-20:51:22.936563 7f2ab0f34c80             Options.target_file_size_multiplier: 1
2022/03/07-20:51:22.936563 7f2ab0f34c80                Options.max_bytes_for_level_base: 268435456
2022/03/07-20:51:22.936564 7f2ab0f34c80 Options.level_compaction_dynamic_level_bytes: 0
2022/03/07-20:51:22.936565 7f2ab0f34c80          Options.max_bytes_for_level_multiplier: 10.000000
2022/03/07-20:51:22.936568 7f2ab0f34c80 Options.max_bytes_for_level_multiplier_addtl[0]: 1
2022/03/07-20:51:22.936569 7f2ab0f34c80 Options.max_bytes_for_level_multiplier_addtl[1]: 1
2022/03/07-20:51:22.936569 7f2ab0f34c80 Options.max_bytes_for_level_multiplier_addtl[2]: 1
2022/03/07-20:51:22.936570 7f2ab0f34c80 Options.max_bytes_for_level_multiplier_addtl[3]: 1
2022/03/07-20:51:22.936571 7f2ab0f34c80 Options.max_bytes_for_level_multiplier_addtl[4]: 1
2022/03/07-20:51:22.936571 7f2ab0f34c80 Options.max_bytes_for_level_multiplier_addtl[5]: 1
2022/03/07-20:51:22.936572 7f2ab0f34c80 Options.max_bytes_for_level_multiplier_addtl[6]: 1
2022/03/07-20:51:22.936572 7f2ab0f34c80       Options.max_sequential_skip_in_iterations: 8
2022/03/07-20:51:22.936573 7f2ab0f34c80                    Options.max_compaction_bytes: 1677721600
2022/03/07-20:51:22.936574 7f2ab0f34c80                        Options.arena_block_size: 8388608
2022/03/07-20:51:22.936575 7f2ab0f34c80   Options.soft_pending_compaction_bytes_limit: 68719476736
2022/03/07-20:51:22.936576 7f2ab0f34c80   Options.hard_pending_compaction_bytes_limit: 274877906944
2022/03/07-20:51:22.936577 7f2ab0f34c80       Options.rate_limit_delay_max_milliseconds: 100
2022/03/07-20:51:22.936577 7f2ab0f34c80                Options.disable_auto_compactions: 0
2022/03/07-20:51:22.936581 7f2ab0f34c80                        Options.compaction_style: kCompactionStyleLevel
2022/03/07-20:51:22.936583 7f2ab0f34c80                          Options.compaction_pri: kMinOverlappingRatio
2022/03/07-20:51:22.936584 7f2ab0f34c80 Options.compaction_options_universal.size_ratio: 1
2022/03/07-20:51:22.936585 7f2ab0f34c80 Options.compaction_options_universal.min_merge_width: 2
2022/03/07-20:51:22.936585 7f2ab0f34c80 Options.compaction_options_universal.max_merge_width: 4294967295
2022/03/07-20:51:22.936586 7f2ab0f34c80 Options.compaction_options_universal.max_size_amplification_percent: 200
2022/03/07-20:51:22.936587 7f2ab0f34c80 Options.compaction_options_universal.compression_size_percent: -1
2022/03/07-20:51:22.936593 7f2ab0f34c80 Options.compaction_options_universal.stop_style: kCompactionStopStyleTotalSize
2022/03/07-20:51:22.936594 7f2ab0f34c80 Options.compaction_options_fifo.max_table_files_size: 1073741824
2022/03/07-20:51:22.936595 7f2ab0f34c80 Options.compaction_options_fifo.allow_compaction: 0
2022/03/07-20:51:22.936607 7f2ab0f34c80                   Options.table_properties_collectors: 
2022/03/07-20:51:22.936608 7f2ab0f34c80                   Options.inplace_update_support: 0
2022/03/07-20:51:22.936609 7f2ab0f34c80                 Options.inplace_update_num_locks: 10000
2022/03/07-20:51:22.936610 7f2ab0f34c80               Options.memtable_prefix_bloom_size_ratio: 0.000000
2022/03/07-20:51:22.936610 7f2ab0f34c80               Options.memtable_whole_key_filtering: 0
2022/03/07-20:51:22.936611 7f2ab0f34c80   Options.memtable_huge_page_size: 0
2022/03/07-20:51:22.936612 7f2ab0f34c80                           Options.bloom_locality: 0
2022/03/07-20:51:22.936612 7f2ab0f34c80                    Options.max_successive_merges: 0
2022/03/07-20:51:22.936613 7f2ab0f34c80                Options.optimize_filters_for_hits: 0
2022/03/07-20:51:22.936613 7f2ab0f34c80                Options.paranoid_file_checks: 0
2022/03/07-20:51:22.936614 7f2ab0f34c80                Options.force_consistency_checks: 1
2022/03/07-20:51:22.936615 7f2ab0f34c80                Options.report_bg_io_stats: 0
2022/03/07-20:51:22.936615 7f2ab0f34c80                               Options.ttl: 2592000
2022/03/07-20:51:22.936616 7f2ab0f34c80          Options.periodic_compaction_seconds: 0
2022/03/07-20:51:22.936617 7f2ab0f34c80                    Options.enable_blob_files: false
2022/03/07-20:51:22.936617 7f2ab0f34c80                        Options.min_blob_size: 0
2022/03/07-20:51:22.936618 7f2ab0f34c80                       Options.blob_file_size: 268435456
2022/03/07-20:51:22.936619 7f2ab0f34c80                Options.blob_compression_type: NoCompression
2022/03/07-20:51:22.936620 7f2ab0f34c80       Options.enable_blob_garbage_collection: false
2022/03/07-20:51:22.936621 7f2ab0f34c80   Options.blob_garbage_collection_age_cutoff: 0.250000
2022/03/07-20:51:22.937394 7f2ab0f34c80 [db/column_family.cc:595] --------------- Options for column family [RB]:
2022/03/07-20:51:22.937413 7f2ab0f34c80               Options.comparator: leveldb.BytewiseComparator
2022/03/07-20:51:22.937415 7f2ab0f34c80           Options.merge_operator: None
2022/03/07-20:51:22.937419 7f2ab0f34c80        Options.compaction_filter: filter_outdated
2022/03/07-20:51:22.937421 7f2ab0f34c80        Options.compaction_filter_factory: None
2022/03/07-20:51:22.937422 7f2ab0f34c80  Options.sst_partitioner_factory: None
2022/03/07-20:51:22.937422 7f2ab0f34c80         Options.memtable_factory: SkipListFactory
2022/03/07-20:51:22.937423 7f2ab0f34c80            Options.table_factory: BlockBasedTable
2022/03/07-20:51:22.937449 7f2ab0f34c80            table_factory options:   flush_block_policy_factory: FlushBlockBySizePolicyFactory (0x562a015d55f0)
  cache_index_and_filter_blocks: 0
  cache_index_and_filter_blocks_with_high_priority: 1
  pin_l0_filter_and_index_blocks_in_cache: 0
  pin_top_level_index_and_filter: 1
  index_type: 0
  data_block_index_type: 0
  index_shortening: 1
  data_block_hash_table_util_ratio: 0.750000
  hash_index_allow_collision: 1
  checksum: 1
  no_block_cache: 0
  block_cache: 0x562a015d5640
  block_cache_name: LRUCache
  block_cache_options:
    capacity : 8388608
    num_shard_bits : 4
    strict_capacity_limit : 0
    memory_allocator : None
    high_pri_pool_ratio: 0.000
  block_cache_compressed: (nil)
  persistent_cache: (nil)
  block_size: 4096
  block_size_deviation: 10
  block_restart_interval: 16
  index_block_restart_interval: 1
  metadata_block_size: 4096
  partition_filters: 0
  use_delta_encoding: 1
  filter_policy: nullptr
  whole_key_filtering: 1
  verify_compression: 0
  read_amp_bytes_per_bit: 0
  format_version: 4
  enable_index_compression: 1
  block_align: 0
2022/03/07-20:51:22.937456 7f2ab0f34c80        Options.write_buffer_size: 67108864
2022/03/07-20:51:22.937468 7f2ab0f34c80  Options.max_write_buffer_number: 2
2022/03/07-20:51:22.937469 7f2ab0f34c80          Options.compression: NoCompression
2022/03/07-20:51:22.937470 7f2ab0f34c80                  Options.bottommost_compression: Disabled
2022/03/07-20:51:22.937471 7f2ab0f34c80       Options.prefix_extractor: nullptr
2022/03/07-20:51:22.937472 7f2ab0f34c80   Options.memtable_insert_with_hint_prefix_extractor: nullptr
2022/03/07-20:51:22.937472 7f2ab0f34c80             Options.num_levels: 7
2022/03/07-20:51:22.937473 7f2ab0f34c80        Options.min_write_buffer_number_to_merge: 1
2022/03/07-20:51:22.937474 7f2ab0f34c80     Options.max_write_buffer_number_to_maintain: 0
2022/03/07-20:51:22.937474 7f2ab0f34c80     Options.max_write_buffer_size_to_maintain: 0
2022/03/07-20:51:22.937475 7f2ab0f34c80            Options.bottommost_compression_opts.window_bits: -14
2022/03/07-20:51:22.937475 7f2ab0f34c80                  Options.bottommost_compression_opts.level: 32767
2022/03/07-20:51:22.937476 7f2ab0f34c80               Options.bottommost_compression_opts.strategy: 0
2022/03/07-20:51:22.937477 7f2ab0f34c80         Options.bottommost_compression_opts.max_dict_bytes: 0
2022/03/07-20:51:22.937477 7f2ab0f34c80         Options.bottommost_compression_opts.zstd_max_train_bytes: 0
2022/03/07-20:51:22.937478 7f2ab0f34c80         Options.bottommost_compression_opts.parallel_threads: 1
2022/03/07-20:51:22.937479 7f2ab0f34c80                  Options.bottommost_compression_opts.enabled: false
2022/03/07-20:51:22.937480 7f2ab0f34c80            Options.compression_opts.window_bits: -14
2022/03/07-20:51:22.937480 7f2ab0f34c80                  Options.compression_opts.level: 32767
2022/03/07-20:51:22.937481 7f2ab0f34c80               Options.compression_opts.strategy: 0
2022/03/07-20:51:22.937481 7f2ab0f34c80         Options.compression_opts.max_dict_bytes: 0
2022/03/07-20:51:22.937482 7f2ab0f34c80         Options.compression_opts.zstd_max_train_bytes: 0
2022/03/07-20:51:22.937482 7f2ab0f34c80         Options.compression_opts.parallel_threads: 1
2022/03/07-20:51:22.937483 7f2ab0f34c80                  Options.compression_opts.enabled: false
2022/03/07-20:51:22.937484 7f2ab0f34c80      Options.level0_file_num_compaction_trigger: 4
2022/03/07-20:51:22.937484 7f2ab0f34c80          Options.level0_slowdown_writes_trigger: 20
2022/03/07-20:51:22.937485 7f2ab0f34c80              Options.level0_stop_writes_trigger: 36
2022/03/07-20:51:22.937486 7f2ab0f34c80                   Options.target_file_size_base: 67108864
2022/03/07-20:51:22.937486 7f2ab0f34c80             Options.target_file_size_multiplier: 1
2022/03/07-20:51:22.937487 7f2ab0f34c80                Options.max_bytes_for_level_base: 268435456
2022/03/07-20:51:22.937487 7f2ab0f34c80 Options.level_compaction_dynamic_level_bytes: 0
2022/03/07-20:51:22.937488 7f2ab0f34c80          Options.max_bytes_for_level_multiplier: 10.000000
2022/03/07-20:51:22.937490 7f2ab0f34c80 Options.max_bytes_for_level_multiplier_addtl[0]: 1
2022/03/07-20:51:22.937490 7f2ab0f34c80 Options.max_bytes_for_level_multiplier_addtl[1]: 1
2022/03/07-20:51:22.937491 7f2ab0f34c80 Options.max_bytes_for_level_multiplier_addtl[2]: 1
2022/03/07-20:51:22.937492 7f2ab0f34c80 Options.max_bytes_for_level_multiplier_addtl[3]: 1
2022/03/07-20:51:22.937492 7f2ab0f34c80 Options.max_bytes_for_level_multiplier_addtl[4]: 1
2022/03/07-20:51:22.937493 7f2ab0f34c80 Options.max_bytes_for_level_multiplier_addtl[5]: 1
2022/03/07-20:51:22.937494 7f2ab0f34c80 Options.max_bytes_for_level_multiplier_addtl[6]: 1
2022/03/07-20:51:22.937494 7f2ab0f34c80       Options.max_sequential_skip_in_iterations: 8
2022/03/07-20:51:22.937495 7f2ab0f34c80                    Options.max_compaction_bytes: 1677721600
2022/03/07-20:51:22.937495 7f2ab0f34c80                        Options.arena_block_size: 8388608
2022/03/07-20:51:22.937496 7f2ab0f34c80   Options.soft_pending_compaction_bytes_limit: 68719476736
2022/03/07-20:51:22.937497 7f2ab0f34c80   Options.hard_pending_compaction_bytes_limit: 274877906944
2022/03/07-20:51:22.937500 7f2ab0f34c80       Options.rate_limit_delay_max_milliseconds: 100
2022/03/07-20:51:22.937501 7f2ab0f34c80                Options.disable_auto_compactions: 1
2022/03/07-20:51:22.937503 7f2ab0f34c80                        Options.compaction_style: kCompactionStyleLevel
2022/03/07-20:51:22.937504 7f2ab0f34c80                          Options.compaction_pri: kMinOverlappingRatio
2022/03/07-20:51:22.937505 7f2ab0f34c80 Options.compaction_options_universal.size_ratio: 1
2022/03/07-20:51:22.937506 7f2ab0f34c80 Options.compaction_options_universal.min_merge_width: 2
2022/03/07-20:51:22.937506 7f2ab0f34c80 Options.compaction_options_universal.max_merge_width: 4294967295
2022/03/07-20:51:22.937507 7f2ab0f34c80 Options.compaction_options_universal.max_size_amplification_percent: 200
2022/03/07-20:51:22.937507 7f2ab0f34c80 Options.compaction_options_universal.compression_size_percent: -1
2022/03/07-20:51:22.937508 7f2ab0f34c80 Options.compaction_options_universal.stop_style: kCompactionStopStyleTotalSize
2022/03/07-20:51:22.937509 7f2ab0f34c80 Options.compaction_options_fifo.max_table_files_size: 1073741824
2022/03/07-20:51:22.937509 7f2ab0f34c80 Options.compaction_options_fifo.allow_compaction: 0
2022/03/07-20:51:22.937514 7f2ab0f34c80                   Options.table_properties_collectors: 
2022/03/07-20:51:22.937515 7f2ab0f34c80                   Options.inplace_update_support: 0
2022/03/07-20:51:22.937516 7f2ab0f34c80                 Options.inplace_update_num_locks: 10000
2022/03/07-20:51:22.937516 7f2ab0f34c80               Options.memtable_prefix_bloom_size_ratio: 0.000000
2022/03/07-20:51:22.937517 7f2ab0f34c80               Options.memtable_whole_key_filtering: 0
2022/03/07-20:51:22.937518 7f2ab0f34c80   Options.memtable_huge_page_size: 0
2022/03/07-20:51:22.937518 7f2ab0f34c80                           Options.bloom_locality: 0
2022/03/07-20:51:22.937519 7f2ab0f34c80                    Options.max_successive_merges: 0
2022/03/07-20:51:22.937519 7f2ab0f34c80                Options.optimize_filters_for_hits: 0
2022/03/07-20:51:22.937520 7f2ab0f34c80                Options.paranoid_file_checks: 0
2022/03/07-20:51:22.937521 7f2ab0f34c80                Options.force_consistency_checks: 1
2022/03/07-20:51:22.937521 7f2ab0f34c80                Options.report_bg_io_stats: 0
2022/03/07-20:51:22.937522 7f2ab0f34c80                               Options.ttl: 2592000
2022/03/07-20:51:22.937522 7f2ab0f34c80          Options.periodic_compaction_seconds: 2592000
2022/03/07-20:51:22.937523 7f2ab0f34c80                    Options.enable_blob_files: false
2022/03/07-20:51:22.937524 7f2ab0f34c80                        Options.min_blob_size: 0
2022/03/07-20:51:22.937524 7f2ab0f34c80                       Options.blob_file_size: 268435456
2022/03/07-20:51:22.937525 7f2ab0f34c80                Options.blob_compression_type: NoCompression
2022/03/07-20:51:22.937525 7f2ab0f34c80       Options.enable_blob_garbage_collection: false
2022/03/07-20:51:22.937526 7f2ab0f34c80   Options.blob_garbage_collection_age_cutoff: 0.250000
2022/03/07-20:51:22.937550 7f2ab0f34c80 [db/column_family.cc:595] --------------- Options for column family [FZ]:
2022/03/07-20:51:22.937551 7f2ab0f34c80               Options.comparator: leveldb.BytewiseComparator
2022/03/07-20:51:22.937551 7f2ab0f34c80           Options.merge_operator: None
2022/03/07-20:51:22.937552 7f2ab0f34c80        Options.compaction_filter: filter_outdated
2022/03/07-20:51:22.937553 7f2ab0f34c80        Options.compaction_filter_factory: None
2022/03/07-20:51:22.937553 7f2ab0f34c80  Options.sst_partitioner_factory: None
2022/03/07-20:51:22.937554 7f2ab0f34c80         Options.memtable_factory: SkipListFactory
2022/03/07-20:51:22.937555 7f2ab0f34c80            Options.table_factory: BlockBasedTable
2022/03/07-20:51:22.937565 7f2ab0f34c80            table_factory options:   flush_block_policy_factory: FlushBlockBySizePolicyFactory (0x562a015d78a0)
  cache_index_and_filter_blocks: 0
  cache_index_and_filter_blocks_with_high_priority: 1
  pin_l0_filter_and_index_blocks_in_cache: 0
  pin_top_level_index_and_filter: 1
  index_type: 0
  data_block_index_type: 0
  index_shortening: 1
  data_block_hash_table_util_ratio: 0.750000
  hash_index_allow_collision: 1
  checksum: 1
  no_block_cache: 0
  block_cache: 0x562a015d78f0
  block_cache_name: LRUCache
  block_cache_options:
    capacity : 8388608
    num_shard_bits : 4
    strict_capacity_limit : 0
    memory_allocator : None
    high_pri_pool_ratio: 0.000
  block_cache_compressed: (nil)
  persistent_cache: (nil)
  block_size: 4096
  block_size_deviation: 10
  block_restart_interval: 16
  index_block_restart_interval: 1
  metadata_block_size: 4096
  partition_filters: 0
  use_delta_encoding: 1
  filter_policy: nullptr
  whole_key_filtering: 1
  verify_compression: 0
  read_amp_bytes_per_bit: 0
  format_version: 4
  enable_index_compression: 1
  block_align: 0
2022/03/07-20:51:22.937571 7f2ab0f34c80        Options.write_buffer_size: 67108864
2022/03/07-20:51:22.937571 7f2ab0f34c80  Options.max_write_buffer_number: 2
2022/03/07-20:51:22.937572 7f2ab0f34c80          Options.compression: NoCompression
2022/03/07-20:51:22.937573 7f2ab0f34c80                  Options.bottommost_compression: Disabled
2022/03/07-20:51:22.937573 7f2ab0f34c80       Options.prefix_extractor: nullptr
2022/03/07-20:51:22.937574 7f2ab0f34c80   Options.memtable_insert_with_hint_prefix_extractor: nullptr
2022/03/07-20:51:22.937574 7f2ab0f34c80             Options.num_levels: 7
2022/03/07-20:51:22.937575 7f2ab0f34c80        Options.min_write_buffer_number_to_merge: 1
2022/03/07-20:51:22.937576 7f2ab0f34c80     Options.max_write_buffer_number_to_maintain: 0
2022/03/07-20:51:22.937576 7f2ab0f34c80     Options.max_write_buffer_size_to_maintain: 0
2022/03/07-20:51:22.937577 7f2ab0f34c80            Options.bottommost_compression_opts.window_bits: -14
2022/03/07-20:51:22.937577 7f2ab0f34c80                  Options.bottommost_compression_opts.level: 32767
2022/03/07-20:51:22.937578 7f2ab0f34c80               Options.bottommost_compression_opts.strategy: 0
2022/03/07-20:51:22.937579 7f2ab0f34c80         Options.bottommost_compression_opts.max_dict_bytes: 0
2022/03/07-20:51:22.937579 7f2ab0f34c80         Options.bottommost_compression_opts.zstd_max_train_bytes: 0
2022/03/07-20:51:22.937580 7f2ab0f34c80         Options.bottommost_compression_opts.parallel_threads: 1
2022/03/07-20:51:22.937580 7f2ab0f34c80                  Options.bottommost_compression_opts.enabled: false
2022/03/07-20:51:22.937581 7f2ab0f34c80            Options.compression_opts.window_bits: -14
2022/03/07-20:51:22.937582 7f2ab0f34c80                  Options.compression_opts.level: 32767
2022/03/07-20:51:22.937582 7f2ab0f34c80               Options.compression_opts.strategy: 0
2022/03/07-20:51:22.937583 7f2ab0f34c80         Options.compression_opts.max_dict_bytes: 0
2022/03/07-20:51:22.937583 7f2ab0f34c80         Options.compression_opts.zstd_max_train_bytes: 0
2022/03/07-20:51:22.937584 7f2ab0f34c80         Options.compression_opts.parallel_threads: 1
2022/03/07-20:51:22.937585 7f2ab0f34c80                  Options.compression_opts.enabled: false
2022/03/07-20:51:22.937585 7f2ab0f34c80      Options.level0_file_num_compaction_trigger: 4
2022/03/07-20:51:22.937586 7f2ab0f34c80          Options.level0_slowdown_writes_trigger: 20
2022/03/07-20:51:22.937586 7f2ab0f34c80              Options.level0_stop_writes_trigger: 36
2022/03/07-20:51:22.937587 7f2ab0f34c80                   Options.target_file_size_base: 67108864
2022/03/07-20:51:22.937588 7f2ab0f34c80             Options.target_file_size_multiplier: 1
2022/03/07-20:51:22.937588 7f2ab0f34c80                Options.max_bytes_for_level_base: 268435456
2022/03/07-20:51:22.937589 7f2ab0f34c80 Options.level_compaction_dynamic_level_bytes: 0
2022/03/07-20:51:22.937589 7f2ab0f34c80          Options.max_bytes_for_level_multiplier: 10.000000
2022/03/07-20:51:22.937590 7f2ab0f34c80 Options.max_bytes_for_level_multiplier_addtl[0]: 1
2022/03/07-20:51:22.937591 7f2ab0f34c80 Options.max_bytes_for_level_multiplier_addtl[1]: 1
2022/03/07-20:51:22.937592 7f2ab0f34c80 Options.max_bytes_for_level_multiplier_addtl[2]: 1
2022/03/07-20:51:22.937598 7f2ab0f34c80 Options.max_bytes_for_level_multiplier_addtl[3]: 1
2022/03/07-20:51:22.937599 7f2ab0f34c80 Options.max_bytes_for_level_multiplier_addtl[4]: 1
2022/03/07-20:51:22.937600 7f2ab0f34c80 Options.max_bytes_for_level_multiplier_addtl[5]: 1
2022/03/07-20:51:22.937600 7f2ab0f34c80 Options.max_bytes_for_level_multiplier_addtl[6]: 1
2022/03/07-20:51:22.937601 7f2ab0f34c80       Options.max_sequential_skip_in_iterations: 8
2022/03/07-20:51:22.937602 7f2ab0f34c80                    Options.max_compaction_bytes: 1677721600
2022/03/07-20:51:22.937602 7f2ab0f34c80                        Options.arena_block_size: 8388608
2022/03/07-20:51:22.937603 7f2ab0f34c80   Options.soft_pending_compaction_bytes_limit: 68719476736
2022/03/07-20:51:22.937603 7f2ab0f34c80   Options.hard_pending_compaction_bytes_limit: 274877906944
2022/03/07-20:51:22.937604 7f2ab0f34c80       Options.rate_limit_delay_max_milliseconds: 100
2022/03/07-20:51:22.937605 7f2ab0f34c80                Options.disable_auto_compactions: 1
2022/03/07-20:51:22.937605 7f2ab0f34c80                        Options.compaction_style: kCompactionStyleLevel
2022/03/07-20:51:22.937606 7f2ab0f34c80                          Options.compaction_pri: kMinOverlappingRatio
2022/03/07-20:51:22.937607 7f2ab0f34c80 Options.compaction_options_universal.size_ratio: 1
2022/03/07-20:51:22.937607 7f2ab0f34c80 Options.compaction_options_universal.min_merge_width: 2
2022/03/07-20:51:22.937608 7f2ab0f34c80 Options.compaction_options_universal.max_merge_width: 4294967295
2022/03/07-20:51:22.937609 7f2ab0f34c80 Options.compaction_options_universal.max_size_amplification_percent: 200
2022/03/07-20:51:22.937609 7f2ab0f34c80 Options.compaction_options_universal.compression_size_percent: -1
2022/03/07-20:51:22.937610 7f2ab0f34c80 Options.compaction_options_universal.stop_style: kCompactionStopStyleTotalSize
2022/03/07-20:51:22.937611 7f2ab0f34c80 Options.compaction_options_fifo.max_table_files_size: 1073741824
2022/03/07-20:51:22.937611 7f2ab0f34c80 Options.compaction_options_fifo.allow_compaction: 0
2022/03/07-20:51:22.937630 7f2ab0f34c80                   Options.table_properties_collectors: 
2022/03/07-20:51:22.937631 7f2ab0f34c80                   Options.inplace_update_support: 0
2022/03/07-20:51:22.937632 7f2ab0f34c80                 Options.inplace_update_num_locks: 10000
2022/03/07-20:51:22.937633 7f2ab0f34c80               Options.memtable_prefix_bloom_size_ratio: 0.000000
2022/03/07-20:51:22.937634 7f2ab0f34c80               Options.memtable_whole_key_filtering: 0
2022/03/07-20:51:22.937634 7f2ab0f34c80   Options.memtable_huge_page_size: 0
2022/03/07-20:51:22.937635 7f2ab0f34c80                           Options.bloom_locality: 0
2022/03/07-20:51:22.937636 7f2ab0f34c80                    Options.max_successive_merges: 0
2022/03/07-20:51:22.937636 7f2ab0f34c80                Options.optimize_filters_for_hits: 0
2022/03/07-20:51:22.937637 7f2ab0f34c80                Options.paranoid_file_checks: 0
2022/03/07-20:51:22.937637 7f2ab0f34c80                Options.force_consistency_checks: 1
2022/03/07-20:51:22.937638 7f2ab0f34c80                Options.report_bg_io_stats: 0
2022/03/07-20:51:22.937639 7f2ab0f34c80                               Options.ttl: 2592000
2022/03/07-20:51:22.937639 7f2ab0f34c80          Options.periodic_compaction_seconds: 2592000
2022/03/07-20:51:22.937640 7f2ab0f34c80                    Options.enable_blob_files: false
2022/03/07-20:51:22.937641 7f2ab0f34c80                        Options.min_blob_size: 0
2022/03/07-20:51:22.937641 7f2ab0f34c80                       Options.blob_file_size: 268435456
2022/03/07-20:51:22.937642 7f2ab0f34c80                Options.blob_compression_type: NoCompression
2022/03/07-20:51:22.937642 7f2ab0f34c80       Options.enable_blob_garbage_collection: false
2022/03/07-20:51:22.937643 7f2ab0f34c80   Options.blob_garbage_collection_age_cutoff: 0.250000
2022/03/07-20:51:22.937666 7f2ab0f34c80 [db/column_family.cc:595] --------------- Options for column family [NZ]:
2022/03/07-20:51:22.937666 7f2ab0f34c80               Options.comparator: leveldb.BytewiseComparator
2022/03/07-20:51:22.937674 7f2ab0f34c80           Options.merge_operator: None
2022/03/07-20:51:22.937676 7f2ab0f34c80        Options.compaction_filter: filter_outdated
2022/03/07-20:51:22.937676 7f2ab0f34c80        Options.compaction_filter_factory: None
2022/03/07-20:51:22.937677 7f2ab0f34c80  Options.sst_partitioner_factory: None
2022/03/07-20:51:22.937677 7f2ab0f34c80         Options.memtable_factory: SkipListFactory
2022/03/07-20:51:22.937678 7f2ab0f34c80            Options.table_factory: BlockBasedTable
2022/03/07-20:51:22.937690 7f2ab0f34c80            table_factory options:   flush_block_policy_factory: FlushBlockBySizePolicyFactory (0x562a015d9b50)
  cache_index_and_filter_blocks: 0
  cache_index_and_filter_blocks_with_high_priority: 1
  pin_l0_filter_and_index_blocks_in_cache: 0
  pin_top_level_index_and_filter: 1
  index_type: 0
  data_block_index_type: 0
  index_shortening: 1
  data_block_hash_table_util_ratio: 0.750000
  hash_index_allow_collision: 1
  checksum: 1
  no_block_cache: 0
  block_cache: 0x562a015d9ba0
  block_cache_name: LRUCache
  block_cache_options:
    capacity : 8388608
    num_shard_bits : 4
    strict_capacity_limit : 0
    memory_allocator : None
    high_pri_pool_ratio: 0.000
  block_cache_compressed: (nil)
  persistent_cache: (nil)
  block_size: 4096
  block_size_deviation: 10
  block_restart_interval: 16
  index_block_restart_interval: 1
  metadata_block_size: 4096
  partition_filters: 0
  use_delta_encoding: 1
  filter_policy: nullptr
  whole_key_filtering: 1
  verify_compression: 0
  read_amp_bytes_per_bit: 0
  format_version: 4
  enable_index_compression: 1
  block_align: 0
2022/03/07-20:51:22.937694 7f2ab0f34c80        Options.write_buffer_size: 67108864
2022/03/07-20:51:22.937694 7f2ab0f34c80  Options.max_write_buffer_number: 2
2022/03/07-20:51:22.937695 7f2ab0f34c80          Options.compression: NoCompression
2022/03/07-20:51:22.937696 7f2ab0f34c80                  Options.bottommost_compression: Disabled
2022/03/07-20:51:22.937696 7f2ab0f34c80       Options.prefix_extractor: nullptr
2022/03/07-20:51:22.937697 7f2ab0f34c80   Options.memtable_insert_with_hint_prefix_extractor: nullptr
2022/03/07-20:51:22.937697 7f2ab0f34c80             Options.num_levels: 7
2022/03/07-20:51:22.937698 7f2ab0f34c80        Options.min_write_buffer_number_to_merge: 1
2022/03/07-20:51:22.937699 7f2ab0f34c80     Options.max_write_buffer_number_to_maintain: 0
2022/03/07-20:51:22.937699 7f2ab0f34c80     Options.max_write_buffer_size_to_maintain: 0
2022/03/07-20:51:22.937700 7f2ab0f34c80            Options.bottommost_compression_opts.window_bits: -14
2022/03/07-20:51:22.937701 7f2ab0f34c80                  Options.bottommost_compression_opts.level: 32767
2022/03/07-20:51:22.937701 7f2ab0f34c80               Options.bottommost_compression_opts.strategy: 0
2022/03/07-20:51:22.937702 7f2ab0f34c80         Options.bottommost_compression_opts.max_dict_bytes: 0
