2022/03/09-20:37:32.177124 7fd9a54d4c80 RocksDB version: 6.17.0
2022/03/09-20:37:32.177180 7fd9a54d4c80 Git sha 0
2022/03/09-20:37:32.177231 7fd9a54d4c80 DB SUMMARY
2022/03/09-20:37:32.177234 7fd9a54d4c80 DB Session ID:  R94DXRU7HQG1LMDS3TSO
2022/03/09-20:37:32.177249 7fd9a54d4c80 SST files in /home/patrick/InternetComputer/motokoBootcamp/dailyChallenges/day_4/.dfx/state/replicated_state/node-100/ic_consensus_pool/certification dir, Total Num: 0, files: 
2022/03/09-20:37:32.177252 7fd9a54d4c80 Write Ahead Log file in /home/patrick/InternetComputer/motokoBootcamp/dailyChallenges/day_4/.dfx/state/replicated_state/node-100/ic_consensus_pool/certification: 
2022/03/09-20:37:32.177255 7fd9a54d4c80                         Options.error_if_exists: 0
2022/03/09-20:37:32.177257 7fd9a54d4c80                       Options.create_if_missing: 1
2022/03/09-20:37:32.177259 7fd9a54d4c80                         Options.paranoid_checks: 1
2022/03/09-20:37:32.177261 7fd9a54d4c80                               Options.track_and_verify_wals_in_manifest: 0
2022/03/09-20:37:32.177263 7fd9a54d4c80                                     Options.env: 0x55a15e75c2e0
2022/03/09-20:37:32.177266 7fd9a54d4c80                                      Options.fs: Posix File System
2022/03/09-20:37:32.177268 7fd9a54d4c80                                Options.info_log: 0x55a1965e3720
2022/03/09-20:37:32.177270 7fd9a54d4c80                Options.max_file_opening_threads: 16
2022/03/09-20:37:32.177272 7fd9a54d4c80                              Options.statistics: (nil)
2022/03/09-20:37:32.177274 7fd9a54d4c80                               Options.use_fsync: 1
2022/03/09-20:37:32.177276 7fd9a54d4c80                       Options.max_log_file_size: 0
2022/03/09-20:37:32.177278 7fd9a54d4c80                  Options.max_manifest_file_size: 1073741824
2022/03/09-20:37:32.177280 7fd9a54d4c80                   Options.log_file_time_to_roll: 0
2022/03/09-20:37:32.177282 7fd9a54d4c80                       Options.keep_log_file_num: 1000
2022/03/09-20:37:32.177284 7fd9a54d4c80                    Options.recycle_log_file_num: 0
2022/03/09-20:37:32.177285 7fd9a54d4c80                         Options.allow_fallocate: 1
2022/03/09-20:37:32.177287 7fd9a54d4c80                        Options.allow_mmap_reads: 0
2022/03/09-20:37:32.177289 7fd9a54d4c80                       Options.allow_mmap_writes: 0
2022/03/09-20:37:32.177291 7fd9a54d4c80                        Options.use_direct_reads: 0
2022/03/09-20:37:32.177293 7fd9a54d4c80                        Options.use_direct_io_for_flush_and_compaction: 0
2022/03/09-20:37:32.177295 7fd9a54d4c80          Options.create_missing_column_families: 1
2022/03/09-20:37:32.177296 7fd9a54d4c80                              Options.db_log_dir: 
2022/03/09-20:37:32.177298 7fd9a54d4c80                                 Options.wal_dir: /home/patrick/InternetComputer/motokoBootcamp/dailyChallenges/day_4/.dfx/state/replicated_state/node-100/ic_consensus_pool/certification
2022/03/09-20:37:32.177300 7fd9a54d4c80                Options.table_cache_numshardbits: 6
2022/03/09-20:37:32.177302 7fd9a54d4c80                         Options.WAL_ttl_seconds: 0
2022/03/09-20:37:32.177304 7fd9a54d4c80                       Options.WAL_size_limit_MB: 0
2022/03/09-20:37:32.177305 7fd9a54d4c80                        Options.max_write_batch_group_size_bytes: 1048576
2022/03/09-20:37:32.177307 7fd9a54d4c80             Options.manifest_preallocation_size: 4194304
2022/03/09-20:37:32.177309 7fd9a54d4c80                     Options.is_fd_close_on_exec: 1
2022/03/09-20:37:32.177311 7fd9a54d4c80                   Options.advise_random_on_open: 1
2022/03/09-20:37:32.177313 7fd9a54d4c80                    Options.db_write_buffer_size: 0
2022/03/09-20:37:32.177315 7fd9a54d4c80                    Options.write_buffer_manager: 0x55a19664c0b0
2022/03/09-20:37:32.177316 7fd9a54d4c80         Options.access_hint_on_compaction_start: 1
2022/03/09-20:37:32.177318 7fd9a54d4c80  Options.new_table_reader_for_compaction_inputs: 0
2022/03/09-20:37:32.177320 7fd9a54d4c80           Options.random_access_max_buffer_size: 1048576
2022/03/09-20:37:32.177322 7fd9a54d4c80                      Options.use_adaptive_mutex: 0
2022/03/09-20:37:32.177336 7fd9a54d4c80                            Options.rate_limiter: (nil)
2022/03/09-20:37:32.177339 7fd9a54d4c80     Options.sst_file_manager.rate_bytes_per_sec: 0
2022/03/09-20:37:32.177341 7fd9a54d4c80                       Options.wal_recovery_mode: 2
2022/03/09-20:37:32.177342 7fd9a54d4c80                  Options.enable_thread_tracking: 0
2022/03/09-20:37:32.177344 7fd9a54d4c80                  Options.enable_pipelined_write: 0
2022/03/09-20:37:32.177346 7fd9a54d4c80                  Options.unordered_write: 0
2022/03/09-20:37:32.177348 7fd9a54d4c80         Options.allow_concurrent_memtable_write: 1
2022/03/09-20:37:32.177350 7fd9a54d4c80      Options.enable_write_thread_adaptive_yield: 1
2022/03/09-20:37:32.177351 7fd9a54d4c80             Options.write_thread_max_yield_usec: 100
2022/03/09-20:37:32.177353 7fd9a54d4c80            Options.write_thread_slow_yield_usec: 3
2022/03/09-20:37:32.177355 7fd9a54d4c80                               Options.row_cache: None
2022/03/09-20:37:32.177357 7fd9a54d4c80                              Options.wal_filter: None
2022/03/09-20:37:32.177360 7fd9a54d4c80             Options.avoid_flush_during_recovery: 0
2022/03/09-20:37:32.177361 7fd9a54d4c80             Options.allow_ingest_behind: 0
2022/03/09-20:37:32.177363 7fd9a54d4c80             Options.preserve_deletes: 0
2022/03/09-20:37:32.177365 7fd9a54d4c80             Options.two_write_queues: 0
2022/03/09-20:37:32.177367 7fd9a54d4c80             Options.manual_wal_flush: 0
2022/03/09-20:37:32.177368 7fd9a54d4c80             Options.atomic_flush: 0
2022/03/09-20:37:32.177370 7fd9a54d4c80             Options.avoid_unnecessary_blocking_io: 0
2022/03/09-20:37:32.177372 7fd9a54d4c80                 Options.persist_stats_to_disk: 0
2022/03/09-20:37:32.177374 7fd9a54d4c80                 Options.write_dbid_to_manifest: 0
2022/03/09-20:37:32.177376 7fd9a54d4c80                 Options.log_readahead_size: 0
2022/03/09-20:37:32.177377 7fd9a54d4c80                 Options.file_checksum_gen_factory: Unknown
2022/03/09-20:37:32.177379 7fd9a54d4c80                 Options.best_efforts_recovery: 0
2022/03/09-20:37:32.177381 7fd9a54d4c80                Options.max_bgerror_resume_count: 2147483647
2022/03/09-20:37:32.177383 7fd9a54d4c80            Options.bgerror_resume_retry_interval: 1000000
2022/03/09-20:37:32.177385 7fd9a54d4c80             Options.allow_data_in_errors: 0
2022/03/09-20:37:32.177387 7fd9a54d4c80             Options.db_host_id: __hostname__
2022/03/09-20:37:32.177389 7fd9a54d4c80             Options.max_background_jobs: 2
2022/03/09-20:37:32.177391 7fd9a54d4c80             Options.max_background_compactions: -1
2022/03/09-20:37:32.177392 7fd9a54d4c80             Options.max_subcompactions: 1
2022/03/09-20:37:32.177394 7fd9a54d4c80             Options.avoid_flush_during_shutdown: 0
2022/03/09-20:37:32.177396 7fd9a54d4c80           Options.writable_file_max_buffer_size: 1048576
2022/03/09-20:37:32.177398 7fd9a54d4c80             Options.delayed_write_rate : 16777216
2022/03/09-20:37:32.177400 7fd9a54d4c80             Options.max_total_wal_size: 0
2022/03/09-20:37:32.177402 7fd9a54d4c80             Options.delete_obsolete_files_period_micros: 21600000000
2022/03/09-20:37:32.177404 7fd9a54d4c80                   Options.stats_dump_period_sec: 600
2022/03/09-20:37:32.177406 7fd9a54d4c80                 Options.stats_persist_period_sec: 600
2022/03/09-20:37:32.177407 7fd9a54d4c80                 Options.stats_history_buffer_size: 1048576
2022/03/09-20:37:32.177409 7fd9a54d4c80                          Options.max_open_files: -1
2022/03/09-20:37:32.177411 7fd9a54d4c80                          Options.bytes_per_sync: 0
2022/03/09-20:37:32.177413 7fd9a54d4c80                      Options.wal_bytes_per_sync: 0
2022/03/09-20:37:32.177415 7fd9a54d4c80                   Options.strict_bytes_per_sync: 0
2022/03/09-20:37:32.177416 7fd9a54d4c80       Options.compaction_readahead_size: 0
2022/03/09-20:37:32.177418 7fd9a54d4c80                  Options.max_background_flushes: -1
2022/03/09-20:37:32.177429 7fd9a54d4c80 Compression algorithms supported:
2022/03/09-20:37:32.177431 7fd9a54d4c80 	kZSTDNotFinalCompression supported: 1
2022/03/09-20:37:32.177434 7fd9a54d4c80 	kZSTD supported: 1
2022/03/09-20:37:32.177436 7fd9a54d4c80 	kXpressCompression supported: 0
2022/03/09-20:37:32.177438 7fd9a54d4c80 	kLZ4HCCompression supported: 1
2022/03/09-20:37:32.177440 7fd9a54d4c80 	kLZ4Compression supported: 1
2022/03/09-20:37:32.177442 7fd9a54d4c80 	kBZip2Compression supported: 1
2022/03/09-20:37:32.177444 7fd9a54d4c80 	kZlibCompression supported: 1
2022/03/09-20:37:32.177446 7fd9a54d4c80 	kSnappyCompression supported: 1
2022/03/09-20:37:32.177456 7fd9a54d4c80 Fast CRC32 supported: Supported on x86
2022/03/09-20:37:32.183705 7fd9a54d4c80 [db/db_impl/db_impl_open.cc:283] Creating manifest 1 
2022/03/09-20:37:32.198075 7fd9a54d4c80 [db/version_set.cc:4758] Recovering from manifest file: /home/patrick/InternetComputer/motokoBootcamp/dailyChallenges/day_4/.dfx/state/replicated_state/node-100/ic_consensus_pool/certification/MANIFEST-000001
2022/03/09-20:37:32.198244 7fd9a54d4c80 [db/column_family.cc:595] --------------- Options for column family [default]:
2022/03/09-20:37:32.198249 7fd9a54d4c80               Options.comparator: leveldb.BytewiseComparator
2022/03/09-20:37:32.198251 7fd9a54d4c80           Options.merge_operator: None
2022/03/09-20:37:32.198254 7fd9a54d4c80        Options.compaction_filter: None
2022/03/09-20:37:32.198256 7fd9a54d4c80        Options.compaction_filter_factory: None
2022/03/09-20:37:32.198258 7fd9a54d4c80  Options.sst_partitioner_factory: None
2022/03/09-20:37:32.198260 7fd9a54d4c80         Options.memtable_factory: SkipListFactory
2022/03/09-20:37:32.198262 7fd9a54d4c80            Options.table_factory: BlockBasedTable
2022/03/09-20:37:32.198310 7fd9a54d4c80            table_factory options:   flush_block_policy_factory: FlushBlockBySizePolicyFactory (0x55a1965e4510)
  cache_index_and_filter_blocks: 0
  cache_index_and_filter_blocks_with_high_priority: 1
  pin_l0_filter_and_index_blocks_in_cache: 0
  pin_top_level_index_and_filter: 1
  index_type: 0
  data_block_index_type: 0
  index_shortening: 1
  data_block_hash_table_util_ratio: 0.750000
  hash_index_allow_collision: 1
  checksum: 1
  no_block_cache: 0
  block_cache: 0x55a196652760
  block_cache_name: LRUCache
  block_cache_options:
    capacity : 8388608
    num_shard_bits : 4
    strict_capacity_limit : 0
    memory_allocator : None
    high_pri_pool_ratio: 0.000
  block_cache_compressed: (nil)
  persistent_cache: (nil)
  block_size: 4096
  block_size_deviation: 10
  block_restart_interval: 16
  index_block_restart_interval: 1
  metadata_block_size: 4096
  partition_filters: 0
  use_delta_encoding: 1
  filter_policy: nullptr
  whole_key_filtering: 1
  verify_compression: 0
  read_amp_bytes_per_bit: 0
  format_version: 4
  enable_index_compression: 1
  block_align: 0
2022/03/09-20:37:32.198313 7fd9a54d4c80        Options.write_buffer_size: 67108864
2022/03/09-20:37:32.198315 7fd9a54d4c80  Options.max_write_buffer_number: 2
2022/03/09-20:37:32.198317 7fd9a54d4c80          Options.compression: Snappy
2022/03/09-20:37:32.198319 7fd9a54d4c80                  Options.bottommost_compression: Disabled
2022/03/09-20:37:32.198321 7fd9a54d4c80       Options.prefix_extractor: nullptr
2022/03/09-20:37:32.198323 7fd9a54d4c80   Options.memtable_insert_with_hint_prefix_extractor: nullptr
2022/03/09-20:37:32.198325 7fd9a54d4c80             Options.num_levels: 7
2022/03/09-20:37:32.198327 7fd9a54d4c80        Options.min_write_buffer_number_to_merge: 1
2022/03/09-20:37:32.198329 7fd9a54d4c80     Options.max_write_buffer_number_to_maintain: 0
2022/03/09-20:37:32.198331 7fd9a54d4c80     Options.max_write_buffer_size_to_maintain: 0
2022/03/09-20:37:32.198333 7fd9a54d4c80            Options.bottommost_compression_opts.window_bits: -14
2022/03/09-20:37:32.198335 7fd9a54d4c80                  Options.bottommost_compression_opts.level: 32767
2022/03/09-20:37:32.198337 7fd9a54d4c80               Options.bottommost_compression_opts.strategy: 0
2022/03/09-20:37:32.198365 7fd9a54d4c80         Options.bottommost_compression_opts.max_dict_bytes: 0
2022/03/09-20:37:32.198367 7fd9a54d4c80         Options.bottommost_compression_opts.zstd_max_train_bytes: 0
2022/03/09-20:37:32.198369 7fd9a54d4c80         Options.bottommost_compression_opts.parallel_threads: 1
2022/03/09-20:37:32.198371 7fd9a54d4c80                  Options.bottommost_compression_opts.enabled: false
2022/03/09-20:37:32.198372 7fd9a54d4c80            Options.compression_opts.window_bits: -14
2022/03/09-20:37:32.198374 7fd9a54d4c80                  Options.compression_opts.level: 32767
2022/03/09-20:37:32.198376 7fd9a54d4c80               Options.compression_opts.strategy: 0
2022/03/09-20:37:32.198378 7fd9a54d4c80         Options.compression_opts.max_dict_bytes: 0
2022/03/09-20:37:32.198380 7fd9a54d4c80         Options.compression_opts.zstd_max_train_bytes: 0
2022/03/09-20:37:32.198382 7fd9a54d4c80         Options.compression_opts.parallel_threads: 1
2022/03/09-20:37:32.198384 7fd9a54d4c80                  Options.compression_opts.enabled: false
2022/03/09-20:37:32.198385 7fd9a54d4c80      Options.level0_file_num_compaction_trigger: 4
2022/03/09-20:37:32.198387 7fd9a54d4c80          Options.level0_slowdown_writes_trigger: 20
2022/03/09-20:37:32.198389 7fd9a54d4c80              Options.level0_stop_writes_trigger: 36
2022/03/09-20:37:32.198391 7fd9a54d4c80                   Options.target_file_size_base: 67108864
2022/03/09-20:37:32.198393 7fd9a54d4c80             Options.target_file_size_multiplier: 1
2022/03/09-20:37:32.198395 7fd9a54d4c80                Options.max_bytes_for_level_base: 268435456
2022/03/09-20:37:32.198396 7fd9a54d4c80 Options.level_compaction_dynamic_level_bytes: 0
2022/03/09-20:37:32.198398 7fd9a54d4c80          Options.max_bytes_for_level_multiplier: 10.000000
2022/03/09-20:37:32.198402 7fd9a54d4c80 Options.max_bytes_for_level_multiplier_addtl[0]: 1
2022/03/09-20:37:32.198404 7fd9a54d4c80 Options.max_bytes_for_level_multiplier_addtl[1]: 1
2022/03/09-20:37:32.198406 7fd9a54d4c80 Options.max_bytes_for_level_multiplier_addtl[2]: 1
2022/03/09-20:37:32.198408 7fd9a54d4c80 Options.max_bytes_for_level_multiplier_addtl[3]: 1
2022/03/09-20:37:32.198410 7fd9a54d4c80 Options.max_bytes_for_level_multiplier_addtl[4]: 1
2022/03/09-20:37:32.198412 7fd9a54d4c80 Options.max_bytes_for_level_multiplier_addtl[5]: 1
2022/03/09-20:37:32.198414 7fd9a54d4c80 Options.max_bytes_for_level_multiplier_addtl[6]: 1
2022/03/09-20:37:32.198415 7fd9a54d4c80       Options.max_sequential_skip_in_iterations: 8
2022/03/09-20:37:32.198417 7fd9a54d4c80                    Options.max_compaction_bytes: 1677721600
2022/03/09-20:37:32.198419 7fd9a54d4c80                        Options.arena_block_size: 8388608
2022/03/09-20:37:32.198421 7fd9a54d4c80   Options.soft_pending_compaction_bytes_limit: 68719476736
2022/03/09-20:37:32.198423 7fd9a54d4c80   Options.hard_pending_compaction_bytes_limit: 274877906944
2022/03/09-20:37:32.198425 7fd9a54d4c80       Options.rate_limit_delay_max_milliseconds: 100
2022/03/09-20:37:32.198427 7fd9a54d4c80                Options.disable_auto_compactions: 0
2022/03/09-20:37:32.198430 7fd9a54d4c80                        Options.compaction_style: kCompactionStyleLevel
2022/03/09-20:37:32.198432 7fd9a54d4c80                          Options.compaction_pri: kMinOverlappingRatio
2022/03/09-20:37:32.198434 7fd9a54d4c80 Options.compaction_options_universal.size_ratio: 1
2022/03/09-20:37:32.198436 7fd9a54d4c80 Options.compaction_options_universal.min_merge_width: 2
2022/03/09-20:37:32.198438 7fd9a54d4c80 Options.compaction_options_universal.max_merge_width: 4294967295
2022/03/09-20:37:32.198440 7fd9a54d4c80 Options.compaction_options_universal.max_size_amplification_percent: 200
2022/03/09-20:37:32.198442 7fd9a54d4c80 Options.compaction_options_universal.compression_size_percent: -1
2022/03/09-20:37:32.198444 7fd9a54d4c80 Options.compaction_options_universal.stop_style: kCompactionStopStyleTotalSize
2022/03/09-20:37:32.198445 7fd9a54d4c80 Options.compaction_options_fifo.max_table_files_size: 1073741824
2022/03/09-20:37:32.198456 7fd9a54d4c80 Options.compaction_options_fifo.allow_compaction: 0
2022/03/09-20:37:32.198467 7fd9a54d4c80                   Options.table_properties_collectors: 
2022/03/09-20:37:32.198469 7fd9a54d4c80                   Options.inplace_update_support: 0
2022/03/09-20:37:32.198471 7fd9a54d4c80                 Options.inplace_update_num_locks: 10000
2022/03/09-20:37:32.198472 7fd9a54d4c80               Options.memtable_prefix_bloom_size_ratio: 0.000000
2022/03/09-20:37:32.198475 7fd9a54d4c80               Options.memtable_whole_key_filtering: 0
2022/03/09-20:37:32.198477 7fd9a54d4c80   Options.memtable_huge_page_size: 0
2022/03/09-20:37:32.198479 7fd9a54d4c80                           Options.bloom_locality: 0
2022/03/09-20:37:32.198480 7fd9a54d4c80                    Options.max_successive_merges: 0
2022/03/09-20:37:32.198482 7fd9a54d4c80                Options.optimize_filters_for_hits: 0
2022/03/09-20:37:32.198484 7fd9a54d4c80                Options.paranoid_file_checks: 0
2022/03/09-20:37:32.198486 7fd9a54d4c80                Options.force_consistency_checks: 1
2022/03/09-20:37:32.198487 7fd9a54d4c80                Options.report_bg_io_stats: 0
2022/03/09-20:37:32.198489 7fd9a54d4c80                               Options.ttl: 2592000
2022/03/09-20:37:32.198491 7fd9a54d4c80          Options.periodic_compaction_seconds: 0
2022/03/09-20:37:32.198493 7fd9a54d4c80                    Options.enable_blob_files: false
2022/03/09-20:37:32.198495 7fd9a54d4c80                        Options.min_blob_size: 0
2022/03/09-20:37:32.198497 7fd9a54d4c80                       Options.blob_file_size: 268435456
2022/03/09-20:37:32.198499 7fd9a54d4c80                Options.blob_compression_type: NoCompression
2022/03/09-20:37:32.198500 7fd9a54d4c80       Options.enable_blob_garbage_collection: false
2022/03/09-20:37:32.198502 7fd9a54d4c80   Options.blob_garbage_collection_age_cutoff: 0.250000
2022/03/09-20:37:32.202049 7fd9a54d4c80 [db/version_set.cc:4798] Recovered from manifest file:/home/patrick/InternetComputer/motokoBootcamp/dailyChallenges/day_4/.dfx/state/replicated_state/node-100/ic_consensus_pool/certification/MANIFEST-000001 succeeded,manifest_file_number is 1, next_file_number is 3, last_sequence is 0, log_number is 0,prev_log_number is 0,max_column_family is 0,min_log_number_to_keep is 0
2022/03/09-20:37:32.202065 7fd9a54d4c80 [db/version_set.cc:4813] Column family [default] (ID 0), log number is 0
2022/03/09-20:37:32.202196 7fd9a54d4c80 [db/version_set.cc:4112] Creating manifest 3
2022/03/09-20:37:32.220929 7fd9a54d4c80 [db/column_family.cc:595] --------------- Options for column family [CE]:
2022/03/09-20:37:32.220943 7fd9a54d4c80               Options.comparator: leveldb.BytewiseComparator
2022/03/09-20:37:32.220946 7fd9a54d4c80           Options.merge_operator: None
2022/03/09-20:37:32.220950 7fd9a54d4c80        Options.compaction_filter: filter_outdated
2022/03/09-20:37:32.220953 7fd9a54d4c80        Options.compaction_filter_factory: None
2022/03/09-20:37:32.220955 7fd9a54d4c80  Options.sst_partitioner_factory: None
2022/03/09-20:37:32.220957 7fd9a54d4c80         Options.memtable_factory: SkipListFactory
2022/03/09-20:37:32.220959 7fd9a54d4c80            Options.table_factory: BlockBasedTable
2022/03/09-20:37:32.221008 7fd9a54d4c80            table_factory options:   flush_block_policy_factory: FlushBlockBySizePolicyFactory (0x55a19663f7a0)
  cache_index_and_filter_blocks: 0
  cache_index_and_filter_blocks_with_high_priority: 1
  pin_l0_filter_and_index_blocks_in_cache: 0
  pin_top_level_index_and_filter: 1
  index_type: 0
  data_block_index_type: 0
  index_shortening: 1
  data_block_hash_table_util_ratio: 0.750000
  hash_index_allow_collision: 1
  checksum: 1
  no_block_cache: 0
  block_cache: 0x55a196618a60
  block_cache_name: LRUCache
  block_cache_options:
    capacity : 8388608
    num_shard_bits : 4
    strict_capacity_limit : 0
    memory_allocator : None
    high_pri_pool_ratio: 0.000
  block_cache_compressed: (nil)
  persistent_cache: (nil)
  block_size: 4096
  block_size_deviation: 10
  block_restart_interval: 16
  index_block_restart_interval: 1
  metadata_block_size: 4096
  partition_filters: 0
  use_delta_encoding: 1
  filter_policy: nullptr
  whole_key_filtering: 1
  verify_compression: 0
  read_amp_bytes_per_bit: 0
  format_version: 4
  enable_index_compression: 1
  block_align: 0
2022/03/09-20:37:32.221011 7fd9a54d4c80        Options.write_buffer_size: 67108864
2022/03/09-20:37:32.221013 7fd9a54d4c80  Options.max_write_buffer_number: 2
2022/03/09-20:37:32.221015 7fd9a54d4c80          Options.compression: NoCompression
2022/03/09-20:37:32.221017 7fd9a54d4c80                  Options.bottommost_compression: Disabled
2022/03/09-20:37:32.221019 7fd9a54d4c80       Options.prefix_extractor: nullptr
2022/03/09-20:37:32.221021 7fd9a54d4c80   Options.memtable_insert_with_hint_prefix_extractor: nullptr
2022/03/09-20:37:32.221023 7fd9a54d4c80             Options.num_levels: 7
2022/03/09-20:37:32.221025 7fd9a54d4c80        Options.min_write_buffer_number_to_merge: 1
2022/03/09-20:37:32.221027 7fd9a54d4c80     Options.max_write_buffer_number_to_maintain: 0
2022/03/09-20:37:32.221029 7fd9a54d4c80     Options.max_write_buffer_size_to_maintain: 0
2022/03/09-20:37:32.221031 7fd9a54d4c80            Options.bottommost_compression_opts.window_bits: -14
2022/03/09-20:37:32.221033 7fd9a54d4c80                  Options.bottommost_compression_opts.level: 32767
2022/03/09-20:37:32.221035 7fd9a54d4c80               Options.bottommost_compression_opts.strategy: 0
2022/03/09-20:37:32.221036 7fd9a54d4c80         Options.bottommost_compression_opts.max_dict_bytes: 0
2022/03/09-20:37:32.221038 7fd9a54d4c80         Options.bottommost_compression_opts.zstd_max_train_bytes: 0
2022/03/09-20:37:32.221040 7fd9a54d4c80         Options.bottommost_compression_opts.parallel_threads: 1
2022/03/09-20:37:32.221042 7fd9a54d4c80                  Options.bottommost_compression_opts.enabled: false
2022/03/09-20:37:32.221044 7fd9a54d4c80            Options.compression_opts.window_bits: -14
2022/03/09-20:37:32.221046 7fd9a54d4c80                  Options.compression_opts.level: 32767
2022/03/09-20:37:32.221048 7fd9a54d4c80               Options.compression_opts.strategy: 0
2022/03/09-20:37:32.221050 7fd9a54d4c80         Options.compression_opts.max_dict_bytes: 0
2022/03/09-20:37:32.221052 7fd9a54d4c80         Options.compression_opts.zstd_max_train_bytes: 0
2022/03/09-20:37:32.221054 7fd9a54d4c80         Options.compression_opts.parallel_threads: 1
2022/03/09-20:37:32.221056 7fd9a54d4c80                  Options.compression_opts.enabled: false
2022/03/09-20:37:32.221099 7fd9a54d4c80      Options.level0_file_num_compaction_trigger: 4
2022/03/09-20:37:32.221101 7fd9a54d4c80          Options.level0_slowdown_writes_trigger: 20
2022/03/09-20:37:32.221103 7fd9a54d4c80              Options.level0_stop_writes_trigger: 36
2022/03/09-20:37:32.221105 7fd9a54d4c80                   Options.target_file_size_base: 67108864
2022/03/09-20:37:32.221107 7fd9a54d4c80             Options.target_file_size_multiplier: 1
2022/03/09-20:37:32.221108 7fd9a54d4c80                Options.max_bytes_for_level_base: 268435456
2022/03/09-20:37:32.221110 7fd9a54d4c80 Options.level_compaction_dynamic_level_bytes: 0
2022/03/09-20:37:32.221112 7fd9a54d4c80          Options.max_bytes_for_level_multiplier: 10.000000
2022/03/09-20:37:32.221116 7fd9a54d4c80 Options.max_bytes_for_level_multiplier_addtl[0]: 1
2022/03/09-20:37:32.221118 7fd9a54d4c80 Options.max_bytes_for_level_multiplier_addtl[1]: 1
2022/03/09-20:37:32.221120 7fd9a54d4c80 Options.max_bytes_for_level_multiplier_addtl[2]: 1
2022/03/09-20:37:32.221122 7fd9a54d4c80 Options.max_bytes_for_level_multiplier_addtl[3]: 1
2022/03/09-20:37:32.221124 7fd9a54d4c80 Options.max_bytes_for_level_multiplier_addtl[4]: 1
2022/03/09-20:37:32.221126 7fd9a54d4c80 Options.max_bytes_for_level_multiplier_addtl[5]: 1
2022/03/09-20:37:32.221128 7fd9a54d4c80 Options.max_bytes_for_level_multiplier_addtl[6]: 1
2022/03/09-20:37:32.221129 7fd9a54d4c80       Options.max_sequential_skip_in_iterations: 8
2022/03/09-20:37:32.221131 7fd9a54d4c80                    Options.max_compaction_bytes: 1677721600
2022/03/09-20:37:32.221133 7fd9a54d4c80                        Options.arena_block_size: 8388608
2022/03/09-20:37:32.221135 7fd9a54d4c80   Options.soft_pending_compaction_bytes_limit: 68719476736
2022/03/09-20:37:32.221137 7fd9a54d4c80   Options.hard_pending_compaction_bytes_limit: 274877906944
2022/03/09-20:37:32.221139 7fd9a54d4c80       Options.rate_limit_delay_max_milliseconds: 100
2022/03/09-20:37:32.221141 7fd9a54d4c80                Options.disable_auto_compactions: 1
2022/03/09-20:37:32.221144 7fd9a54d4c80                        Options.compaction_style: kCompactionStyleLevel
2022/03/09-20:37:32.221147 7fd9a54d4c80                          Options.compaction_pri: kMinOverlappingRatio
2022/03/09-20:37:32.221149 7fd9a54d4c80 Options.compaction_options_universal.size_ratio: 1
2022/03/09-20:37:32.221150 7fd9a54d4c80 Options.compaction_options_universal.min_merge_width: 2
2022/03/09-20:37:32.221152 7fd9a54d4c80 Options.compaction_options_universal.max_merge_width: 4294967295
2022/03/09-20:37:32.221154 7fd9a54d4c80 Options.compaction_options_universal.max_size_amplification_percent: 200
2022/03/09-20:37:32.221156 7fd9a54d4c80 Options.compaction_options_universal.compression_size_percent: -1
2022/03/09-20:37:32.221158 7fd9a54d4c80 Options.compaction_options_universal.stop_style: kCompactionStopStyleTotalSize
2022/03/09-20:37:32.221160 7fd9a54d4c80 Options.compaction_options_fifo.max_table_files_size: 1073741824
2022/03/09-20:37:32.221162 7fd9a54d4c80 Options.compaction_options_fifo.allow_compaction: 0
2022/03/09-20:37:32.221172 7fd9a54d4c80                   Options.table_properties_collectors: 
2022/03/09-20:37:32.221174 7fd9a54d4c80                   Options.inplace_update_support: 0
2022/03/09-20:37:32.221176 7fd9a54d4c80                 Options.inplace_update_num_locks: 10000
2022/03/09-20:37:32.221177 7fd9a54d4c80               Options.memtable_prefix_bloom_size_ratio: 0.000000
2022/03/09-20:37:32.221180 7fd9a54d4c80               Options.memtable_whole_key_filtering: 0
2022/03/09-20:37:32.221182 7fd9a54d4c80   Options.memtable_huge_page_size: 0
2022/03/09-20:37:32.221184 7fd9a54d4c80                           Options.bloom_locality: 0
2022/03/09-20:37:32.221185 7fd9a54d4c80                    Options.max_successive_merges: 0
2022/03/09-20:37:32.221187 7fd9a54d4c80                Options.optimize_filters_for_hits: 0
2022/03/09-20:37:32.221189 7fd9a54d4c80                Options.paranoid_file_checks: 0
2022/03/09-20:37:32.221191 7fd9a54d4c80                Options.force_consistency_checks: 1
2022/03/09-20:37:32.221202 7fd9a54d4c80                Options.report_bg_io_stats: 0
2022/03/09-20:37:32.221204 7fd9a54d4c80                               Options.ttl: 2592000
2022/03/09-20:37:32.221206 7fd9a54d4c80          Options.periodic_compaction_seconds: 2592000
2022/03/09-20:37:32.221207 7fd9a54d4c80                    Options.enable_blob_files: false
2022/03/09-20:37:32.221209 7fd9a54d4c80                        Options.min_blob_size: 0
2022/03/09-20:37:32.221211 7fd9a54d4c80                       Options.blob_file_size: 268435456
2022/03/09-20:37:32.221213 7fd9a54d4c80                Options.blob_compression_type: NoCompression
2022/03/09-20:37:32.221215 7fd9a54d4c80       Options.enable_blob_garbage_collection: false
2022/03/09-20:37:32.221217 7fd9a54d4c80   Options.blob_garbage_collection_age_cutoff: 0.250000
2022/03/09-20:37:32.221273 7fd9a54d4c80 [db/db_impl/db_impl.cc:2654] Created column family [CE] (ID 1)
2022/03/09-20:37:32.233160 7fd9a54d4c80 [db/column_family.cc:595] --------------- Options for column family [CES]:
2022/03/09-20:37:32.233175 7fd9a54d4c80               Options.comparator: leveldb.BytewiseComparator
2022/03/09-20:37:32.233178 7fd9a54d4c80           Options.merge_operator: None
2022/03/09-20:37:32.233182 7fd9a54d4c80        Options.compaction_filter: filter_outdated
2022/03/09-20:37:32.233184 7fd9a54d4c80        Options.compaction_filter_factory: None
2022/03/09-20:37:32.233186 7fd9a54d4c80  Options.sst_partitioner_factory: None
2022/03/09-20:37:32.233188 7fd9a54d4c80         Options.memtable_factory: SkipListFactory
2022/03/09-20:37:32.233190 7fd9a54d4c80            Options.table_factory: BlockBasedTable
2022/03/09-20:37:32.233242 7fd9a54d4c80            table_factory options:   flush_block_policy_factory: FlushBlockBySizePolicyFactory (0x55a1965fc8e0)
  cache_index_and_filter_blocks: 0
  cache_index_and_filter_blocks_with_high_priority: 1
  pin_l0_filter_and_index_blocks_in_cache: 0
  pin_top_level_index_and_filter: 1
  index_type: 0
  data_block_index_type: 0
  index_shortening: 1
  data_block_hash_table_util_ratio: 0.750000
  hash_index_allow_collision: 1
  checksum: 1
  no_block_cache: 0
  block_cache: 0x55a196724420
  block_cache_name: LRUCache
  block_cache_options:
    capacity : 8388608
    num_shard_bits : 4
    strict_capacity_limit : 0
    memory_allocator : None
    high_pri_pool_ratio: 0.000
  block_cache_compressed: (nil)
  persistent_cache: (nil)
  block_size: 4096
  block_size_deviation: 10
  block_restart_interval: 16
  index_block_restart_interval: 1
  metadata_block_size: 4096
  partition_filters: 0
  use_delta_encoding: 1
  filter_policy: nullptr
  whole_key_filtering: 1
  verify_compression: 0
  read_amp_bytes_per_bit: 0
  format_version: 4
  enable_index_compression: 1
  block_align: 0
2022/03/09-20:37:32.233245 7fd9a54d4c80        Options.write_buffer_size: 67108864
2022/03/09-20:37:32.233247 7fd9a54d4c80  Options.max_write_buffer_number: 2
2022/03/09-20:37:32.233249 7fd9a54d4c80          Options.compression: NoCompression
2022/03/09-20:37:32.233251 7fd9a54d4c80                  Options.bottommost_compression: Disabled
2022/03/09-20:37:32.233253 7fd9a54d4c80       Options.prefix_extractor: nullptr
2022/03/09-20:37:32.233255 7fd9a54d4c80   Options.memtable_insert_with_hint_prefix_extractor: nullptr
2022/03/09-20:37:32.233257 7fd9a54d4c80             Options.num_levels: 7
2022/03/09-20:37:32.233259 7fd9a54d4c80        Options.min_write_buffer_number_to_merge: 1
2022/03/09-20:37:32.233261 7fd9a54d4c80     Options.max_write_buffer_number_to_maintain: 0
2022/03/09-20:37:32.233263 7fd9a54d4c80     Options.max_write_buffer_size_to_maintain: 0
2022/03/09-20:37:32.233265 7fd9a54d4c80            Options.bottommost_compression_opts.window_bits: -14
2022/03/09-20:37:32.233267 7fd9a54d4c80                  Options.bottommost_compression_opts.level: 32767
2022/03/09-20:37:32.233269 7fd9a54d4c80               Options.bottommost_compression_opts.strategy: 0
2022/03/09-20:37:32.233271 7fd9a54d4c80         Options.bottommost_compression_opts.max_dict_bytes: 0
2022/03/09-20:37:32.233273 7fd9a54d4c80         Options.bottommost_compression_opts.zstd_max_train_bytes: 0
2022/03/09-20:37:32.233275 7fd9a54d4c80         Options.bottommost_compression_opts.parallel_threads: 1
2022/03/09-20:37:32.233277 7fd9a54d4c80                  Options.bottommost_compression_opts.enabled: false
2022/03/09-20:37:32.233278 7fd9a54d4c80            Options.compression_opts.window_bits: -14
2022/03/09-20:37:32.233280 7fd9a54d4c80                  Options.compression_opts.level: 32767
2022/03/09-20:37:32.233282 7fd9a54d4c80               Options.compression_opts.strategy: 0
2022/03/09-20:37:32.233284 7fd9a54d4c80         Options.compression_opts.max_dict_bytes: 0
2022/03/09-20:37:32.233286 7fd9a54d4c80         Options.compression_opts.zstd_max_train_bytes: 0
2022/03/09-20:37:32.233288 7fd9a54d4c80         Options.compression_opts.parallel_threads: 1
2022/03/09-20:37:32.233290 7fd9a54d4c80                  Options.compression_opts.enabled: false
2022/03/09-20:37:32.233311 7fd9a54d4c80      Options.level0_file_num_compaction_trigger: 4
2022/03/09-20:37:32.233313 7fd9a54d4c80          Options.level0_slowdown_writes_trigger: 20
2022/03/09-20:37:32.233315 7fd9a54d4c80              Options.level0_stop_writes_trigger: 36
2022/03/09-20:37:32.233317 7fd9a54d4c80                   Options.target_file_size_base: 67108864
2022/03/09-20:37:32.233319 7fd9a54d4c80             Options.target_file_size_multiplier: 1
2022/03/09-20:37:32.233321 7fd9a54d4c80                Options.max_bytes_for_level_base: 268435456
2022/03/09-20:37:32.233323 7fd9a54d4c80 Options.level_compaction_dynamic_level_bytes: 0
2022/03/09-20:37:32.233324 7fd9a54d4c80          Options.max_bytes_for_level_multiplier: 10.000000
2022/03/09-20:37:32.233328 7fd9a54d4c80 Options.max_bytes_for_level_multiplier_addtl[0]: 1
2022/03/09-20:37:32.233330 7fd9a54d4c80 Options.max_bytes_for_level_multiplier_addtl[1]: 1
2022/03/09-20:37:32.233332 7fd9a54d4c80 Options.max_bytes_for_level_multiplier_addtl[2]: 1
2022/03/09-20:37:32.233334 7fd9a54d4c80 Options.max_bytes_for_level_multiplier_addtl[3]: 1
2022/03/09-20:37:32.233336 7fd9a54d4c80 Options.max_bytes_for_level_multiplier_addtl[4]: 1
2022/03/09-20:37:32.233338 7fd9a54d4c80 Options.max_bytes_for_level_multiplier_addtl[5]: 1
2022/03/09-20:37:32.233340 7fd9a54d4c80 Options.max_bytes_for_level_multiplier_addtl[6]: 1
2022/03/09-20:37:32.233342 7fd9a54d4c80       Options.max_sequential_skip_in_iterations: 8
2022/03/09-20:37:32.233343 7fd9a54d4c80                    Options.max_compaction_bytes: 1677721600
2022/03/09-20:37:32.233345 7fd9a54d4c80                        Options.arena_block_size: 8388608
2022/03/09-20:37:32.233347 7fd9a54d4c80   Options.soft_pending_compaction_bytes_limit: 68719476736
2022/03/09-20:37:32.233349 7fd9a54d4c80   Options.hard_pending_compaction_bytes_limit: 274877906944
2022/03/09-20:37:32.233351 7fd9a54d4c80       Options.rate_limit_delay_max_milliseconds: 100
2022/03/09-20:37:32.233353 7fd9a54d4c80                Options.disable_auto_compactions: 1
2022/03/09-20:37:32.233356 7fd9a54d4c80                        Options.compaction_style: kCompactionStyleLevel
2022/03/09-20:37:32.233359 7fd9a54d4c80                          Options.compaction_pri: kMinOverlappingRatio
2022/03/09-20:37:32.233361 7fd9a54d4c80 Options.compaction_options_universal.size_ratio: 1
2022/03/09-20:37:32.233404 7fd9a54d4c80 Options.compaction_options_universal.min_merge_width: 2
2022/03/09-20:37:32.233409 7fd9a54d4c80 Options.compaction_options_universal.max_merge_width: 4294967295
2022/03/09-20:37:32.233411 7fd9a54d4c80 Options.compaction_options_universal.max_size_amplification_percent: 200
2022/03/09-20:37:32.233412 7fd9a54d4c80 Options.compaction_options_universal.compression_size_percent: -1
2022/03/09-20:37:32.233415 7fd9a54d4c80 Options.compaction_options_universal.stop_style: kCompactionStopStyleTotalSize
2022/03/09-20:37:32.233417 7fd9a54d4c80 Options.compaction_options_fifo.max_table_files_size: 1073741824
2022/03/09-20:37:32.233419 7fd9a54d4c80 Options.compaction_options_fifo.allow_compaction: 0
2022/03/09-20:37:32.233429 7fd9a54d4c80                   Options.table_properties_collectors: 
2022/03/09-20:37:32.233432 7fd9a54d4c80                   Options.inplace_update_support: 0
2022/03/09-20:37:32.233433 7fd9a54d4c80                 Options.inplace_update_num_locks: 10000
2022/03/09-20:37:32.233435 7fd9a54d4c80               Options.memtable_prefix_bloom_size_ratio: 0.000000
2022/03/09-20:37:32.233439 7fd9a54d4c80               Options.memtable_whole_key_filtering: 0
2022/03/09-20:37:32.233441 7fd9a54d4c80   Options.memtable_huge_page_size: 0
2022/03/09-20:37:32.233442 7fd9a54d4c80                           Options.bloom_locality: 0
2022/03/09-20:37:32.233444 7fd9a54d4c80                    Options.max_successive_merges: 0
2022/03/09-20:37:32.233446 7fd9a54d4c80                Options.optimize_filters_for_hits: 0
2022/03/09-20:37:32.233448 7fd9a54d4c80                Options.paranoid_file_checks: 0
2022/03/09-20:37:32.233449 7fd9a54d4c80                Options.force_consistency_checks: 1
2022/03/09-20:37:32.233472 7fd9a54d4c80                Options.report_bg_io_stats: 0
2022/03/09-20:37:32.233474 7fd9a54d4c80                               Options.ttl: 2592000
2022/03/09-20:37:32.233476 7fd9a54d4c80          Options.periodic_compaction_seconds: 2592000
2022/03/09-20:37:32.233478 7fd9a54d4c80                    Options.enable_blob_files: false
2022/03/09-20:37:32.233479 7fd9a54d4c80                        Options.min_blob_size: 0
2022/03/09-20:37:32.233481 7fd9a54d4c80                       Options.blob_file_size: 268435456
2022/03/09-20:37:32.233483 7fd9a54d4c80                Options.blob_compression_type: NoCompression
2022/03/09-20:37:32.233485 7fd9a54d4c80       Options.enable_blob_garbage_collection: false
2022/03/09-20:37:32.233487 7fd9a54d4c80   Options.blob_garbage_collection_age_cutoff: 0.250000
2022/03/09-20:37:32.233555 7fd9a54d4c80 [db/db_impl/db_impl.cc:2654] Created column family [CES] (ID 2)
2022/03/09-20:37:32.258071 7fd9a54d4c80 [db/db_impl/db_impl_open.cc:1708] SstFileManager instance 0x55a19665fd40
2022/03/09-20:37:32.258104 7fd9a54d4c80 DB pointer 0x55a19668c870
2022/03/09-20:37:35.258675 7fd8e67f4700 [db/db_impl/db_impl.cc:927] ------- DUMPING STATS -------
2022/03/09-20:37:35.258782 7fd8e67f4700 [db/db_impl/db_impl.cc:929] 
** DB Stats **
Uptime(secs): 3.1 total, 3.1 interval
Cumulative writes: 8 writes, 8 keys, 8 commit groups, 0.9 writes per commit group, ingest: 0.00 GB, 0.00 MB/s
Cumulative WAL: 8 writes, 0 syncs, 8.00 writes per sync, written: 0.00 GB, 0.00 MB/s
Cumulative stall: 00:00:0.000 H:M:S, 0.0 percent
Interval writes: 8 writes, 8 keys, 8 commit groups, 0.9 writes per commit group, ingest: 0.00 MB, 0.00 MB/s
Interval WAL: 8 writes, 0 syncs, 8.00 writes per sync, written: 0.00 MB, 0.00 MB/s
Interval stall: 00:00:0.000 H:M:S, 0.0 percent

** Compaction Stats [default] **
Level    Files   Size     Score Read(GB)  Rn(GB) Rnp1(GB) Write(GB) Wnew(GB) Moved(GB) W-Amp Rd(MB/s) Wr(MB/s) Comp(sec) CompMergeCPU(sec) Comp(cnt) Avg(sec) KeyIn KeyDrop
----------------------------------------------------------------------------------------------------------------------------------------------------------------------------
 Sum      0/0    0.00 KB   0.0      0.0     0.0      0.0       0.0      0.0       0.0   0.0      0.0      0.0      0.00              0.00         0    0.000       0      0
 Int      0/0    0.00 KB   0.0      0.0     0.0      0.0       0.0      0.0       0.0   0.0      0.0      0.0      0.00              0.00         0    0.000       0      0

** Compaction Stats [default] **
Priority    Files   Size     Score Read(GB)  Rn(GB) Rnp1(GB) Write(GB) Wnew(GB) Moved(GB) W-Amp Rd(MB/s) Wr(MB/s) Comp(sec) CompMergeCPU(sec) Comp(cnt) Avg(sec) KeyIn KeyDrop
-------------------------------------------------------------------------------------------------------------------------------------------------------------------------------
Uptime(secs): 3.1 total, 3.1 interval
Flush(GB): cumulative 0.000, interval 0.000
AddFile(GB): cumulative 0.000, interval 0.000
AddFile(Total Files): cumulative 0, interval 0
AddFile(L0 Files): cumulative 0, interval 0
AddFile(Keys): cumulative 0, interval 0
Cumulative compaction: 0.00 GB write, 0.00 MB/s write, 0.00 GB read, 0.00 MB/s read, 0.0 seconds
Interval compaction: 0.00 GB write, 0.00 MB/s write, 0.00 GB read, 0.00 MB/s read, 0.0 seconds
