2022/03/09-20:37:31.921931 7fd9a54d4c80 RocksDB version: 6.17.0
2022/03/09-20:37:31.922136 7fd9a54d4c80 Git sha 0
2022/03/09-20:37:31.922222 7fd9a54d4c80 DB SUMMARY
2022/03/09-20:37:31.922225 7fd9a54d4c80 DB Session ID:  Z47MWSZ6CNO35VKOKOO5
2022/03/09-20:37:31.922240 7fd9a54d4c80 SST files in /home/patrick/InternetComputer/motokoBootcamp/dailyChallenges/day_4/.dfx/state/replicated_state/node-100/ic_consensus_pool/consensus dir, Total Num: 0, files: 
2022/03/09-20:37:31.922241 7fd9a54d4c80 Write Ahead Log file in /home/patrick/InternetComputer/motokoBootcamp/dailyChallenges/day_4/.dfx/state/replicated_state/node-100/ic_consensus_pool/consensus: 
2022/03/09-20:37:31.922243 7fd9a54d4c80                         Options.error_if_exists: 0
2022/03/09-20:37:31.922244 7fd9a54d4c80                       Options.create_if_missing: 1
2022/03/09-20:37:31.922246 7fd9a54d4c80                         Options.paranoid_checks: 1
2022/03/09-20:37:31.922247 7fd9a54d4c80                               Options.track_and_verify_wals_in_manifest: 0
2022/03/09-20:37:31.922248 7fd9a54d4c80                                     Options.env: 0x55a15e75c2e0
2022/03/09-20:37:31.922249 7fd9a54d4c80                                      Options.fs: Posix File System
2022/03/09-20:37:31.922250 7fd9a54d4c80                                Options.info_log: 0x55a19655c160
2022/03/09-20:37:31.922251 7fd9a54d4c80                Options.max_file_opening_threads: 16
2022/03/09-20:37:31.922252 7fd9a54d4c80                              Options.statistics: (nil)
2022/03/09-20:37:31.922271 7fd9a54d4c80                               Options.use_fsync: 1
2022/03/09-20:37:31.922272 7fd9a54d4c80                       Options.max_log_file_size: 0
2022/03/09-20:37:31.922273 7fd9a54d4c80                  Options.max_manifest_file_size: 1073741824
2022/03/09-20:37:31.922275 7fd9a54d4c80                   Options.log_file_time_to_roll: 0
2022/03/09-20:37:31.922276 7fd9a54d4c80                       Options.keep_log_file_num: 1000
2022/03/09-20:37:31.922277 7fd9a54d4c80                    Options.recycle_log_file_num: 0
2022/03/09-20:37:31.922278 7fd9a54d4c80                         Options.allow_fallocate: 1
2022/03/09-20:37:31.922279 7fd9a54d4c80                        Options.allow_mmap_reads: 0
2022/03/09-20:37:31.922280 7fd9a54d4c80                       Options.allow_mmap_writes: 0
2022/03/09-20:37:31.922281 7fd9a54d4c80                        Options.use_direct_reads: 0
2022/03/09-20:37:31.922282 7fd9a54d4c80                        Options.use_direct_io_for_flush_and_compaction: 0
2022/03/09-20:37:31.922283 7fd9a54d4c80          Options.create_missing_column_families: 1
2022/03/09-20:37:31.922284 7fd9a54d4c80                              Options.db_log_dir: 
2022/03/09-20:37:31.922285 7fd9a54d4c80                                 Options.wal_dir: /home/patrick/InternetComputer/motokoBootcamp/dailyChallenges/day_4/.dfx/state/replicated_state/node-100/ic_consensus_pool/consensus
2022/03/09-20:37:31.922286 7fd9a54d4c80                Options.table_cache_numshardbits: 6
2022/03/09-20:37:31.922287 7fd9a54d4c80                         Options.WAL_ttl_seconds: 0
2022/03/09-20:37:31.922288 7fd9a54d4c80                       Options.WAL_size_limit_MB: 0
2022/03/09-20:37:31.922289 7fd9a54d4c80                        Options.max_write_batch_group_size_bytes: 1048576
2022/03/09-20:37:31.922290 7fd9a54d4c80             Options.manifest_preallocation_size: 4194304
2022/03/09-20:37:31.922291 7fd9a54d4c80                     Options.is_fd_close_on_exec: 1
2022/03/09-20:37:31.922292 7fd9a54d4c80                   Options.advise_random_on_open: 1
2022/03/09-20:37:31.922293 7fd9a54d4c80                    Options.db_write_buffer_size: 0
2022/03/09-20:37:31.922294 7fd9a54d4c80                    Options.write_buffer_manager: 0x55a19658ba50
2022/03/09-20:37:31.922295 7fd9a54d4c80         Options.access_hint_on_compaction_start: 1
2022/03/09-20:37:31.922296 7fd9a54d4c80  Options.new_table_reader_for_compaction_inputs: 0
2022/03/09-20:37:31.922297 7fd9a54d4c80           Options.random_access_max_buffer_size: 1048576
2022/03/09-20:37:31.922298 7fd9a54d4c80                      Options.use_adaptive_mutex: 0
2022/03/09-20:37:31.922329 7fd9a54d4c80                            Options.rate_limiter: (nil)
2022/03/09-20:37:31.922333 7fd9a54d4c80     Options.sst_file_manager.rate_bytes_per_sec: 0
2022/03/09-20:37:31.922334 7fd9a54d4c80                       Options.wal_recovery_mode: 2
2022/03/09-20:37:31.922335 7fd9a54d4c80                  Options.enable_thread_tracking: 0
2022/03/09-20:37:31.922336 7fd9a54d4c80                  Options.enable_pipelined_write: 0
2022/03/09-20:37:31.922337 7fd9a54d4c80                  Options.unordered_write: 0
2022/03/09-20:37:31.922338 7fd9a54d4c80         Options.allow_concurrent_memtable_write: 1
2022/03/09-20:37:31.922339 7fd9a54d4c80      Options.enable_write_thread_adaptive_yield: 1
2022/03/09-20:37:31.922340 7fd9a54d4c80             Options.write_thread_max_yield_usec: 100
2022/03/09-20:37:31.922341 7fd9a54d4c80            Options.write_thread_slow_yield_usec: 3
2022/03/09-20:37:31.922342 7fd9a54d4c80                               Options.row_cache: None
2022/03/09-20:37:31.922343 7fd9a54d4c80                              Options.wal_filter: None
2022/03/09-20:37:31.922345 7fd9a54d4c80             Options.avoid_flush_during_recovery: 0
2022/03/09-20:37:31.922346 7fd9a54d4c80             Options.allow_ingest_behind: 0
2022/03/09-20:37:31.922347 7fd9a54d4c80             Options.preserve_deletes: 0
2022/03/09-20:37:31.922348 7fd9a54d4c80             Options.two_write_queues: 0
2022/03/09-20:37:31.922349 7fd9a54d4c80             Options.manual_wal_flush: 0
2022/03/09-20:37:31.922351 7fd9a54d4c80             Options.atomic_flush: 0
2022/03/09-20:37:31.922352 7fd9a54d4c80             Options.avoid_unnecessary_blocking_io: 0
2022/03/09-20:37:31.922353 7fd9a54d4c80                 Options.persist_stats_to_disk: 0
2022/03/09-20:37:31.922354 7fd9a54d4c80                 Options.write_dbid_to_manifest: 0
2022/03/09-20:37:31.922355 7fd9a54d4c80                 Options.log_readahead_size: 0
2022/03/09-20:37:31.922356 7fd9a54d4c80                 Options.file_checksum_gen_factory: Unknown
2022/03/09-20:37:31.922357 7fd9a54d4c80                 Options.best_efforts_recovery: 0
2022/03/09-20:37:31.922358 7fd9a54d4c80                Options.max_bgerror_resume_count: 2147483647
2022/03/09-20:37:31.922359 7fd9a54d4c80            Options.bgerror_resume_retry_interval: 1000000
2022/03/09-20:37:31.922360 7fd9a54d4c80             Options.allow_data_in_errors: 0
2022/03/09-20:37:31.922361 7fd9a54d4c80             Options.db_host_id: __hostname__
2022/03/09-20:37:31.922362 7fd9a54d4c80             Options.max_background_jobs: 2
2022/03/09-20:37:31.922363 7fd9a54d4c80             Options.max_background_compactions: -1
2022/03/09-20:37:31.922364 7fd9a54d4c80             Options.max_subcompactions: 1
2022/03/09-20:37:31.922365 7fd9a54d4c80             Options.avoid_flush_during_shutdown: 0
2022/03/09-20:37:31.922366 7fd9a54d4c80           Options.writable_file_max_buffer_size: 1048576
2022/03/09-20:37:31.922367 7fd9a54d4c80             Options.delayed_write_rate : 16777216
2022/03/09-20:37:31.922368 7fd9a54d4c80             Options.max_total_wal_size: 0
2022/03/09-20:37:31.922369 7fd9a54d4c80             Options.delete_obsolete_files_period_micros: 21600000000
2022/03/09-20:37:31.922370 7fd9a54d4c80                   Options.stats_dump_period_sec: 600
2022/03/09-20:37:31.922372 7fd9a54d4c80                 Options.stats_persist_period_sec: 600
2022/03/09-20:37:31.922373 7fd9a54d4c80                 Options.stats_history_buffer_size: 1048576
2022/03/09-20:37:31.922374 7fd9a54d4c80                          Options.max_open_files: -1
2022/03/09-20:37:31.922375 7fd9a54d4c80                          Options.bytes_per_sync: 0
2022/03/09-20:37:31.922376 7fd9a54d4c80                      Options.wal_bytes_per_sync: 0
2022/03/09-20:37:31.922377 7fd9a54d4c80                   Options.strict_bytes_per_sync: 0
2022/03/09-20:37:31.922378 7fd9a54d4c80       Options.compaction_readahead_size: 0
2022/03/09-20:37:31.922379 7fd9a54d4c80                  Options.max_background_flushes: -1
2022/03/09-20:37:31.922872 7fd9a54d4c80 Compression algorithms supported:
2022/03/09-20:37:31.922880 7fd9a54d4c80 	kZSTDNotFinalCompression supported: 1
2022/03/09-20:37:31.922890 7fd9a54d4c80 	kZSTD supported: 1
2022/03/09-20:37:31.922893 7fd9a54d4c80 	kXpressCompression supported: 0
2022/03/09-20:37:31.922895 7fd9a54d4c80 	kLZ4HCCompression supported: 1
2022/03/09-20:37:31.922898 7fd9a54d4c80 	kLZ4Compression supported: 1
2022/03/09-20:37:31.922900 7fd9a54d4c80 	kBZip2Compression supported: 1
2022/03/09-20:37:31.922902 7fd9a54d4c80 	kZlibCompression supported: 1
2022/03/09-20:37:31.922904 7fd9a54d4c80 	kSnappyCompression supported: 1
2022/03/09-20:37:31.922913 7fd9a54d4c80 Fast CRC32 supported: Supported on x86
2022/03/09-20:37:31.927365 7fd9a54d4c80 [db/db_impl/db_impl_open.cc:283] Creating manifest 1 
2022/03/09-20:37:31.941613 7fd9a54d4c80 [db/version_set.cc:4758] Recovering from manifest file: /home/patrick/InternetComputer/motokoBootcamp/dailyChallenges/day_4/.dfx/state/replicated_state/node-100/ic_consensus_pool/consensus/MANIFEST-000001
2022/03/09-20:37:31.942750 7fd9a54d4c80 [db/column_family.cc:595] --------------- Options for column family [default]:
2022/03/09-20:37:31.942755 7fd9a54d4c80               Options.comparator: leveldb.BytewiseComparator
2022/03/09-20:37:31.942757 7fd9a54d4c80           Options.merge_operator: None
2022/03/09-20:37:31.942758 7fd9a54d4c80        Options.compaction_filter: None
2022/03/09-20:37:31.942759 7fd9a54d4c80        Options.compaction_filter_factory: None
2022/03/09-20:37:31.942761 7fd9a54d4c80  Options.sst_partitioner_factory: None
2022/03/09-20:37:31.942762 7fd9a54d4c80         Options.memtable_factory: SkipListFactory
2022/03/09-20:37:31.942763 7fd9a54d4c80            Options.table_factory: BlockBasedTable
2022/03/09-20:37:31.942795 7fd9a54d4c80            table_factory options:   flush_block_policy_factory: FlushBlockBySizePolicyFactory (0x55a196589490)
  cache_index_and_filter_blocks: 0
  cache_index_and_filter_blocks_with_high_priority: 1
  pin_l0_filter_and_index_blocks_in_cache: 0
  pin_top_level_index_and_filter: 1
  index_type: 0
  data_block_index_type: 0
  index_shortening: 1
  data_block_hash_table_util_ratio: 0.750000
  hash_index_allow_collision: 1
  checksum: 1
  no_block_cache: 0
  block_cache: 0x55a1965894e0
  block_cache_name: LRUCache
  block_cache_options:
    capacity : 8388608
    num_shard_bits : 4
    strict_capacity_limit : 0
    memory_allocator : None
    high_pri_pool_ratio: 0.000
  block_cache_compressed: (nil)
  persistent_cache: (nil)
  block_size: 4096
  block_size_deviation: 10
  block_restart_interval: 16
  index_block_restart_interval: 1
  metadata_block_size: 4096
  partition_filters: 0
  use_delta_encoding: 1
  filter_policy: nullptr
  whole_key_filtering: 1
  verify_compression: 0
  read_amp_bytes_per_bit: 0
  format_version: 4
  enable_index_compression: 1
  block_align: 0
2022/03/09-20:37:31.942804 7fd9a54d4c80        Options.write_buffer_size: 67108864
2022/03/09-20:37:31.942805 7fd9a54d4c80  Options.max_write_buffer_number: 2
2022/03/09-20:37:31.942806 7fd9a54d4c80          Options.compression: Snappy
2022/03/09-20:37:31.942807 7fd9a54d4c80                  Options.bottommost_compression: Disabled
2022/03/09-20:37:31.942808 7fd9a54d4c80       Options.prefix_extractor: nullptr
2022/03/09-20:37:31.942809 7fd9a54d4c80   Options.memtable_insert_with_hint_prefix_extractor: nullptr
2022/03/09-20:37:31.942811 7fd9a54d4c80             Options.num_levels: 7
2022/03/09-20:37:31.942812 7fd9a54d4c80        Options.min_write_buffer_number_to_merge: 1
2022/03/09-20:37:31.942813 7fd9a54d4c80     Options.max_write_buffer_number_to_maintain: 0
2022/03/09-20:37:31.942814 7fd9a54d4c80     Options.max_write_buffer_size_to_maintain: 0
2022/03/09-20:37:31.942815 7fd9a54d4c80            Options.bottommost_compression_opts.window_bits: -14
2022/03/09-20:37:31.942816 7fd9a54d4c80                  Options.bottommost_compression_opts.level: 32767
2022/03/09-20:37:31.942818 7fd9a54d4c80               Options.bottommost_compression_opts.strategy: 0
2022/03/09-20:37:31.942819 7fd9a54d4c80         Options.bottommost_compression_opts.max_dict_bytes: 0
2022/03/09-20:37:31.942838 7fd9a54d4c80         Options.bottommost_compression_opts.zstd_max_train_bytes: 0
2022/03/09-20:37:31.942840 7fd9a54d4c80         Options.bottommost_compression_opts.parallel_threads: 1
2022/03/09-20:37:31.942841 7fd9a54d4c80                  Options.bottommost_compression_opts.enabled: false
2022/03/09-20:37:31.942842 7fd9a54d4c80            Options.compression_opts.window_bits: -14
2022/03/09-20:37:31.942843 7fd9a54d4c80                  Options.compression_opts.level: 32767
2022/03/09-20:37:31.942844 7fd9a54d4c80               Options.compression_opts.strategy: 0
2022/03/09-20:37:31.942845 7fd9a54d4c80         Options.compression_opts.max_dict_bytes: 0
2022/03/09-20:37:31.942846 7fd9a54d4c80         Options.compression_opts.zstd_max_train_bytes: 0
2022/03/09-20:37:31.942847 7fd9a54d4c80         Options.compression_opts.parallel_threads: 1
2022/03/09-20:37:31.942848 7fd9a54d4c80                  Options.compression_opts.enabled: false
2022/03/09-20:37:31.942849 7fd9a54d4c80      Options.level0_file_num_compaction_trigger: 4
2022/03/09-20:37:31.942850 7fd9a54d4c80          Options.level0_slowdown_writes_trigger: 20
2022/03/09-20:37:31.942851 7fd9a54d4c80              Options.level0_stop_writes_trigger: 36
2022/03/09-20:37:31.942852 7fd9a54d4c80                   Options.target_file_size_base: 67108864
2022/03/09-20:37:31.942853 7fd9a54d4c80             Options.target_file_size_multiplier: 1
2022/03/09-20:37:31.942854 7fd9a54d4c80                Options.max_bytes_for_level_base: 268435456
2022/03/09-20:37:31.942855 7fd9a54d4c80 Options.level_compaction_dynamic_level_bytes: 0
2022/03/09-20:37:31.942856 7fd9a54d4c80          Options.max_bytes_for_level_multiplier: 10.000000
2022/03/09-20:37:31.942858 7fd9a54d4c80 Options.max_bytes_for_level_multiplier_addtl[0]: 1
2022/03/09-20:37:31.942859 7fd9a54d4c80 Options.max_bytes_for_level_multiplier_addtl[1]: 1
2022/03/09-20:37:31.942860 7fd9a54d4c80 Options.max_bytes_for_level_multiplier_addtl[2]: 1
2022/03/09-20:37:31.942862 7fd9a54d4c80 Options.max_bytes_for_level_multiplier_addtl[3]: 1
2022/03/09-20:37:31.942863 7fd9a54d4c80 Options.max_bytes_for_level_multiplier_addtl[4]: 1
2022/03/09-20:37:31.942864 7fd9a54d4c80 Options.max_bytes_for_level_multiplier_addtl[5]: 1
2022/03/09-20:37:31.942865 7fd9a54d4c80 Options.max_bytes_for_level_multiplier_addtl[6]: 1
2022/03/09-20:37:31.942866 7fd9a54d4c80       Options.max_sequential_skip_in_iterations: 8
2022/03/09-20:37:31.942867 7fd9a54d4c80                    Options.max_compaction_bytes: 1677721600
2022/03/09-20:37:31.942868 7fd9a54d4c80                        Options.arena_block_size: 8388608
2022/03/09-20:37:31.942869 7fd9a54d4c80   Options.soft_pending_compaction_bytes_limit: 68719476736
2022/03/09-20:37:31.942870 7fd9a54d4c80   Options.hard_pending_compaction_bytes_limit: 274877906944
2022/03/09-20:37:31.942871 7fd9a54d4c80       Options.rate_limit_delay_max_milliseconds: 100
2022/03/09-20:37:31.942872 7fd9a54d4c80                Options.disable_auto_compactions: 0
2022/03/09-20:37:31.942874 7fd9a54d4c80                        Options.compaction_style: kCompactionStyleLevel
2022/03/09-20:37:31.942876 7fd9a54d4c80                          Options.compaction_pri: kMinOverlappingRatio
2022/03/09-20:37:31.942877 7fd9a54d4c80 Options.compaction_options_universal.size_ratio: 1
2022/03/09-20:37:31.942878 7fd9a54d4c80 Options.compaction_options_universal.min_merge_width: 2
2022/03/09-20:37:31.942879 7fd9a54d4c80 Options.compaction_options_universal.max_merge_width: 4294967295
2022/03/09-20:37:31.942880 7fd9a54d4c80 Options.compaction_options_universal.max_size_amplification_percent: 200
2022/03/09-20:37:31.942881 7fd9a54d4c80 Options.compaction_options_universal.compression_size_percent: -1
2022/03/09-20:37:31.942883 7fd9a54d4c80 Options.compaction_options_universal.stop_style: kCompactionStopStyleTotalSize
2022/03/09-20:37:31.942884 7fd9a54d4c80 Options.compaction_options_fifo.max_table_files_size: 1073741824
2022/03/09-20:37:31.942885 7fd9a54d4c80 Options.compaction_options_fifo.allow_compaction: 0
2022/03/09-20:37:31.942897 7fd9a54d4c80                   Options.table_properties_collectors: 
2022/03/09-20:37:31.942899 7fd9a54d4c80                   Options.inplace_update_support: 0
2022/03/09-20:37:31.942900 7fd9a54d4c80                 Options.inplace_update_num_locks: 10000
2022/03/09-20:37:31.942901 7fd9a54d4c80               Options.memtable_prefix_bloom_size_ratio: 0.000000
2022/03/09-20:37:31.942902 7fd9a54d4c80               Options.memtable_whole_key_filtering: 0
2022/03/09-20:37:31.942903 7fd9a54d4c80   Options.memtable_huge_page_size: 0
2022/03/09-20:37:31.942904 7fd9a54d4c80                           Options.bloom_locality: 0
2022/03/09-20:37:31.942905 7fd9a54d4c80                    Options.max_successive_merges: 0
2022/03/09-20:37:31.942906 7fd9a54d4c80                Options.optimize_filters_for_hits: 0
2022/03/09-20:37:31.942907 7fd9a54d4c80                Options.paranoid_file_checks: 0
2022/03/09-20:37:31.942908 7fd9a54d4c80                Options.force_consistency_checks: 1
2022/03/09-20:37:31.942909 7fd9a54d4c80                Options.report_bg_io_stats: 0
2022/03/09-20:37:31.942910 7fd9a54d4c80                               Options.ttl: 2592000
2022/03/09-20:37:31.942911 7fd9a54d4c80          Options.periodic_compaction_seconds: 0
2022/03/09-20:37:31.942912 7fd9a54d4c80                    Options.enable_blob_files: false
2022/03/09-20:37:31.942913 7fd9a54d4c80                        Options.min_blob_size: 0
2022/03/09-20:37:31.942914 7fd9a54d4c80                       Options.blob_file_size: 268435456
2022/03/09-20:37:31.942915 7fd9a54d4c80                Options.blob_compression_type: NoCompression
2022/03/09-20:37:31.942916 7fd9a54d4c80       Options.enable_blob_garbage_collection: false
2022/03/09-20:37:31.942917 7fd9a54d4c80   Options.blob_garbage_collection_age_cutoff: 0.250000
2022/03/09-20:37:31.945142 7fd9a54d4c80 [db/version_set.cc:4798] Recovered from manifest file:/home/patrick/InternetComputer/motokoBootcamp/dailyChallenges/day_4/.dfx/state/replicated_state/node-100/ic_consensus_pool/consensus/MANIFEST-000001 succeeded,manifest_file_number is 1, next_file_number is 3, last_sequence is 0, log_number is 0,prev_log_number is 0,max_column_family is 0,min_log_number_to_keep is 0
2022/03/09-20:37:31.945153 7fd9a54d4c80 [db/version_set.cc:4813] Column family [default] (ID 0), log number is 0
2022/03/09-20:37:31.945249 7fd9a54d4c80 [db/version_set.cc:4112] Creating manifest 3
2022/03/09-20:37:31.963483 7fd9a54d4c80 [db/column_family.cc:595] --------------- Options for column family [RB]:
2022/03/09-20:37:31.963497 7fd9a54d4c80               Options.comparator: leveldb.BytewiseComparator
2022/03/09-20:37:31.963500 7fd9a54d4c80           Options.merge_operator: None
2022/03/09-20:37:31.963504 7fd9a54d4c80        Options.compaction_filter: filter_outdated
2022/03/09-20:37:31.963506 7fd9a54d4c80        Options.compaction_filter_factory: None
2022/03/09-20:37:31.963509 7fd9a54d4c80  Options.sst_partitioner_factory: None
2022/03/09-20:37:31.963511 7fd9a54d4c80         Options.memtable_factory: SkipListFactory
2022/03/09-20:37:31.963513 7fd9a54d4c80            Options.table_factory: BlockBasedTable
2022/03/09-20:37:31.963561 7fd9a54d4c80            table_factory options:   flush_block_policy_factory: FlushBlockBySizePolicyFactory (0x55a19656f5f0)
  cache_index_and_filter_blocks: 0
  cache_index_and_filter_blocks_with_high_priority: 1
  pin_l0_filter_and_index_blocks_in_cache: 0
  pin_top_level_index_and_filter: 1
  index_type: 0
  data_block_index_type: 0
  index_shortening: 1
  data_block_hash_table_util_ratio: 0.750000
  hash_index_allow_collision: 1
  checksum: 1
  no_block_cache: 0
  block_cache: 0x55a19656f640
  block_cache_name: LRUCache
  block_cache_options:
    capacity : 8388608
    num_shard_bits : 4
    strict_capacity_limit : 0
    memory_allocator : None
    high_pri_pool_ratio: 0.000
  block_cache_compressed: (nil)
  persistent_cache: (nil)
  block_size: 4096
  block_size_deviation: 10
  block_restart_interval: 16
  index_block_restart_interval: 1
  metadata_block_size: 4096
  partition_filters: 0
  use_delta_encoding: 1
  filter_policy: nullptr
  whole_key_filtering: 1
  verify_compression: 0
  read_amp_bytes_per_bit: 0
  format_version: 4
  enable_index_compression: 1
  block_align: 0
2022/03/09-20:37:31.963566 7fd9a54d4c80        Options.write_buffer_size: 67108864
2022/03/09-20:37:31.963568 7fd9a54d4c80  Options.max_write_buffer_number: 2
2022/03/09-20:37:31.963571 7fd9a54d4c80          Options.compression: NoCompression
2022/03/09-20:37:31.963573 7fd9a54d4c80                  Options.bottommost_compression: Disabled
2022/03/09-20:37:31.963575 7fd9a54d4c80       Options.prefix_extractor: nullptr
2022/03/09-20:37:31.963578 7fd9a54d4c80   Options.memtable_insert_with_hint_prefix_extractor: nullptr
2022/03/09-20:37:31.963580 7fd9a54d4c80             Options.num_levels: 7
2022/03/09-20:37:31.963582 7fd9a54d4c80        Options.min_write_buffer_number_to_merge: 1
2022/03/09-20:37:31.963584 7fd9a54d4c80     Options.max_write_buffer_number_to_maintain: 0
2022/03/09-20:37:31.963586 7fd9a54d4c80     Options.max_write_buffer_size_to_maintain: 0
2022/03/09-20:37:31.963588 7fd9a54d4c80            Options.bottommost_compression_opts.window_bits: -14
2022/03/09-20:37:31.963591 7fd9a54d4c80                  Options.bottommost_compression_opts.level: 32767
2022/03/09-20:37:31.963593 7fd9a54d4c80               Options.bottommost_compression_opts.strategy: 0
2022/03/09-20:37:31.963595 7fd9a54d4c80         Options.bottommost_compression_opts.max_dict_bytes: 0
2022/03/09-20:37:31.963597 7fd9a54d4c80         Options.bottommost_compression_opts.zstd_max_train_bytes: 0
2022/03/09-20:37:31.963599 7fd9a54d4c80         Options.bottommost_compression_opts.parallel_threads: 1
2022/03/09-20:37:31.963602 7fd9a54d4c80                  Options.bottommost_compression_opts.enabled: false
2022/03/09-20:37:31.963604 7fd9a54d4c80            Options.compression_opts.window_bits: -14
2022/03/09-20:37:31.963606 7fd9a54d4c80                  Options.compression_opts.level: 32767
2022/03/09-20:37:31.963608 7fd9a54d4c80               Options.compression_opts.strategy: 0
2022/03/09-20:37:31.963610 7fd9a54d4c80         Options.compression_opts.max_dict_bytes: 0
2022/03/09-20:37:31.963612 7fd9a54d4c80         Options.compression_opts.zstd_max_train_bytes: 0
2022/03/09-20:37:31.963614 7fd9a54d4c80         Options.compression_opts.parallel_threads: 1
2022/03/09-20:37:31.963616 7fd9a54d4c80                  Options.compression_opts.enabled: false
2022/03/09-20:37:31.963660 7fd9a54d4c80      Options.level0_file_num_compaction_trigger: 4
2022/03/09-20:37:31.963662 7fd9a54d4c80          Options.level0_slowdown_writes_trigger: 20
2022/03/09-20:37:31.963664 7fd9a54d4c80              Options.level0_stop_writes_trigger: 36
2022/03/09-20:37:31.963666 7fd9a54d4c80                   Options.target_file_size_base: 67108864
2022/03/09-20:37:31.963669 7fd9a54d4c80             Options.target_file_size_multiplier: 1
2022/03/09-20:37:31.963671 7fd9a54d4c80                Options.max_bytes_for_level_base: 268435456
2022/03/09-20:37:31.963673 7fd9a54d4c80 Options.level_compaction_dynamic_level_bytes: 0
2022/03/09-20:37:31.963675 7fd9a54d4c80          Options.max_bytes_for_level_multiplier: 10.000000
2022/03/09-20:37:31.963679 7fd9a54d4c80 Options.max_bytes_for_level_multiplier_addtl[0]: 1
2022/03/09-20:37:31.963682 7fd9a54d4c80 Options.max_bytes_for_level_multiplier_addtl[1]: 1
2022/03/09-20:37:31.963684 7fd9a54d4c80 Options.max_bytes_for_level_multiplier_addtl[2]: 1
2022/03/09-20:37:31.963686 7fd9a54d4c80 Options.max_bytes_for_level_multiplier_addtl[3]: 1
2022/03/09-20:37:31.963688 7fd9a54d4c80 Options.max_bytes_for_level_multiplier_addtl[4]: 1
2022/03/09-20:37:31.963690 7fd9a54d4c80 Options.max_bytes_for_level_multiplier_addtl[5]: 1
2022/03/09-20:37:31.963692 7fd9a54d4c80 Options.max_bytes_for_level_multiplier_addtl[6]: 1
2022/03/09-20:37:31.963694 7fd9a54d4c80       Options.max_sequential_skip_in_iterations: 8
2022/03/09-20:37:31.963696 7fd9a54d4c80                    Options.max_compaction_bytes: 1677721600
2022/03/09-20:37:31.963698 7fd9a54d4c80                        Options.arena_block_size: 8388608
2022/03/09-20:37:31.963699 7fd9a54d4c80   Options.soft_pending_compaction_bytes_limit: 68719476736
2022/03/09-20:37:31.963701 7fd9a54d4c80   Options.hard_pending_compaction_bytes_limit: 274877906944
2022/03/09-20:37:31.963703 7fd9a54d4c80       Options.rate_limit_delay_max_milliseconds: 100
2022/03/09-20:37:31.963705 7fd9a54d4c80                Options.disable_auto_compactions: 1
2022/03/09-20:37:31.963709 7fd9a54d4c80                        Options.compaction_style: kCompactionStyleLevel
2022/03/09-20:37:31.963712 7fd9a54d4c80                          Options.compaction_pri: kMinOverlappingRatio
2022/03/09-20:37:31.963713 7fd9a54d4c80 Options.compaction_options_universal.size_ratio: 1
2022/03/09-20:37:31.963715 7fd9a54d4c80 Options.compaction_options_universal.min_merge_width: 2
2022/03/09-20:37:31.963717 7fd9a54d4c80 Options.compaction_options_universal.max_merge_width: 4294967295
2022/03/09-20:37:31.963719 7fd9a54d4c80 Options.compaction_options_universal.max_size_amplification_percent: 200
2022/03/09-20:37:31.963721 7fd9a54d4c80 Options.compaction_options_universal.compression_size_percent: -1
2022/03/09-20:37:31.963723 7fd9a54d4c80 Options.compaction_options_universal.stop_style: kCompactionStopStyleTotalSize
2022/03/09-20:37:31.963725 7fd9a54d4c80 Options.compaction_options_fifo.max_table_files_size: 1073741824
2022/03/09-20:37:31.963727 7fd9a54d4c80 Options.compaction_options_fifo.allow_compaction: 0
2022/03/09-20:37:31.963737 7fd9a54d4c80                   Options.table_properties_collectors: 
2022/03/09-20:37:31.963739 7fd9a54d4c80                   Options.inplace_update_support: 0
2022/03/09-20:37:31.963741 7fd9a54d4c80                 Options.inplace_update_num_locks: 10000
2022/03/09-20:37:31.963743 7fd9a54d4c80               Options.memtable_prefix_bloom_size_ratio: 0.000000
2022/03/09-20:37:31.963746 7fd9a54d4c80               Options.memtable_whole_key_filtering: 0
2022/03/09-20:37:31.963747 7fd9a54d4c80   Options.memtable_huge_page_size: 0
2022/03/09-20:37:31.963749 7fd9a54d4c80                           Options.bloom_locality: 0
2022/03/09-20:37:31.963751 7fd9a54d4c80                    Options.max_successive_merges: 0
2022/03/09-20:37:31.963753 7fd9a54d4c80                Options.optimize_filters_for_hits: 0
2022/03/09-20:37:31.963755 7fd9a54d4c80                Options.paranoid_file_checks: 0
2022/03/09-20:37:31.963756 7fd9a54d4c80                Options.force_consistency_checks: 1
2022/03/09-20:37:31.963768 7fd9a54d4c80                Options.report_bg_io_stats: 0
2022/03/09-20:37:31.963771 7fd9a54d4c80                               Options.ttl: 2592000
2022/03/09-20:37:31.963773 7fd9a54d4c80          Options.periodic_compaction_seconds: 2592000
2022/03/09-20:37:31.963774 7fd9a54d4c80                    Options.enable_blob_files: false
2022/03/09-20:37:31.963776 7fd9a54d4c80                        Options.min_blob_size: 0
2022/03/09-20:37:31.963778 7fd9a54d4c80                       Options.blob_file_size: 268435456
2022/03/09-20:37:31.963780 7fd9a54d4c80                Options.blob_compression_type: NoCompression
2022/03/09-20:37:31.963782 7fd9a54d4c80       Options.enable_blob_garbage_collection: false
2022/03/09-20:37:31.963784 7fd9a54d4c80   Options.blob_garbage_collection_age_cutoff: 0.250000
2022/03/09-20:37:31.963846 7fd9a54d4c80 [db/db_impl/db_impl.cc:2654] Created column family [RB] (ID 1)
2022/03/09-20:37:31.974091 7fd9a54d4c80 [db/column_family.cc:595] --------------- Options for column family [FZ]:
2022/03/09-20:37:31.974104 7fd9a54d4c80               Options.comparator: leveldb.BytewiseComparator
2022/03/09-20:37:31.974107 7fd9a54d4c80           Options.merge_operator: None
2022/03/09-20:37:31.974111 7fd9a54d4c80        Options.compaction_filter: filter_outdated
2022/03/09-20:37:31.974114 7fd9a54d4c80        Options.compaction_filter_factory: None
2022/03/09-20:37:31.974115 7fd9a54d4c80  Options.sst_partitioner_factory: None
2022/03/09-20:37:31.974117 7fd9a54d4c80         Options.memtable_factory: SkipListFactory
2022/03/09-20:37:31.974119 7fd9a54d4c80            Options.table_factory: BlockBasedTable
2022/03/09-20:37:31.974168 7fd9a54d4c80            table_factory options:   flush_block_policy_factory: FlushBlockBySizePolicyFactory (0x55a1965718a0)
  cache_index_and_filter_blocks: 0
  cache_index_and_filter_blocks_with_high_priority: 1
  pin_l0_filter_and_index_blocks_in_cache: 0
  pin_top_level_index_and_filter: 1
  index_type: 0
  data_block_index_type: 0
  index_shortening: 1
  data_block_hash_table_util_ratio: 0.750000
  hash_index_allow_collision: 1
  checksum: 1
  no_block_cache: 0
  block_cache: 0x55a1965718f0
  block_cache_name: LRUCache
  block_cache_options:
    capacity : 8388608
    num_shard_bits : 4
    strict_capacity_limit : 0
    memory_allocator : None
    high_pri_pool_ratio: 0.000
  block_cache_compressed: (nil)
  persistent_cache: (nil)
  block_size: 4096
  block_size_deviation: 10
  block_restart_interval: 16
  index_block_restart_interval: 1
  metadata_block_size: 4096
  partition_filters: 0
  use_delta_encoding: 1
  filter_policy: nullptr
  whole_key_filtering: 1
  verify_compression: 0
  read_amp_bytes_per_bit: 0
  format_version: 4
  enable_index_compression: 1
  block_align: 0
2022/03/09-20:37:31.974171 7fd9a54d4c80        Options.write_buffer_size: 67108864
2022/03/09-20:37:31.974173 7fd9a54d4c80  Options.max_write_buffer_number: 2
2022/03/09-20:37:31.974175 7fd9a54d4c80          Options.compression: NoCompression
2022/03/09-20:37:31.974177 7fd9a54d4c80                  Options.bottommost_compression: Disabled
2022/03/09-20:37:31.974179 7fd9a54d4c80       Options.prefix_extractor: nullptr
2022/03/09-20:37:31.974181 7fd9a54d4c80   Options.memtable_insert_with_hint_prefix_extractor: nullptr
2022/03/09-20:37:31.974182 7fd9a54d4c80             Options.num_levels: 7
2022/03/09-20:37:31.974184 7fd9a54d4c80        Options.min_write_buffer_number_to_merge: 1
2022/03/09-20:37:31.974186 7fd9a54d4c80     Options.max_write_buffer_number_to_maintain: 0
2022/03/09-20:37:31.974188 7fd9a54d4c80     Options.max_write_buffer_size_to_maintain: 0
2022/03/09-20:37:31.974190 7fd9a54d4c80            Options.bottommost_compression_opts.window_bits: -14
2022/03/09-20:37:31.974192 7fd9a54d4c80                  Options.bottommost_compression_opts.level: 32767
2022/03/09-20:37:31.974194 7fd9a54d4c80               Options.bottommost_compression_opts.strategy: 0
2022/03/09-20:37:31.974196 7fd9a54d4c80         Options.bottommost_compression_opts.max_dict_bytes: 0
2022/03/09-20:37:31.974198 7fd9a54d4c80         Options.bottommost_compression_opts.zstd_max_train_bytes: 0
2022/03/09-20:37:31.974200 7fd9a54d4c80         Options.bottommost_compression_opts.parallel_threads: 1
2022/03/09-20:37:31.974201 7fd9a54d4c80                  Options.bottommost_compression_opts.enabled: false
2022/03/09-20:37:31.974203 7fd9a54d4c80            Options.compression_opts.window_bits: -14
2022/03/09-20:37:31.974205 7fd9a54d4c80                  Options.compression_opts.level: 32767
2022/03/09-20:37:31.974207 7fd9a54d4c80               Options.compression_opts.strategy: 0
2022/03/09-20:37:31.974209 7fd9a54d4c80         Options.compression_opts.max_dict_bytes: 0
2022/03/09-20:37:31.974211 7fd9a54d4c80         Options.compression_opts.zstd_max_train_bytes: 0
2022/03/09-20:37:31.974213 7fd9a54d4c80         Options.compression_opts.parallel_threads: 1
2022/03/09-20:37:31.974215 7fd9a54d4c80                  Options.compression_opts.enabled: false
2022/03/09-20:37:31.974235 7fd9a54d4c80      Options.level0_file_num_compaction_trigger: 4
2022/03/09-20:37:31.974237 7fd9a54d4c80          Options.level0_slowdown_writes_trigger: 20
2022/03/09-20:37:31.974239 7fd9a54d4c80              Options.level0_stop_writes_trigger: 36
2022/03/09-20:37:31.974241 7fd9a54d4c80                   Options.target_file_size_base: 67108864
2022/03/09-20:37:31.974243 7fd9a54d4c80             Options.target_file_size_multiplier: 1
2022/03/09-20:37:31.974245 7fd9a54d4c80                Options.max_bytes_for_level_base: 268435456
2022/03/09-20:37:31.974247 7fd9a54d4c80 Options.level_compaction_dynamic_level_bytes: 0
2022/03/09-20:37:31.974249 7fd9a54d4c80          Options.max_bytes_for_level_multiplier: 10.000000
2022/03/09-20:37:31.974253 7fd9a54d4c80 Options.max_bytes_for_level_multiplier_addtl[0]: 1
2022/03/09-20:37:31.974255 7fd9a54d4c80 Options.max_bytes_for_level_multiplier_addtl[1]: 1
2022/03/09-20:37:31.974256 7fd9a54d4c80 Options.max_bytes_for_level_multiplier_addtl[2]: 1
2022/03/09-20:37:31.974258 7fd9a54d4c80 Options.max_bytes_for_level_multiplier_addtl[3]: 1
2022/03/09-20:37:31.974260 7fd9a54d4c80 Options.max_bytes_for_level_multiplier_addtl[4]: 1
2022/03/09-20:37:31.974262 7fd9a54d4c80 Options.max_bytes_for_level_multiplier_addtl[5]: 1
2022/03/09-20:37:31.974264 7fd9a54d4c80 Options.max_bytes_for_level_multiplier_addtl[6]: 1
2022/03/09-20:37:31.974266 7fd9a54d4c80       Options.max_sequential_skip_in_iterations: 8
2022/03/09-20:37:31.974267 7fd9a54d4c80                    Options.max_compaction_bytes: 1677721600
2022/03/09-20:37:31.974269 7fd9a54d4c80                        Options.arena_block_size: 8388608
2022/03/09-20:37:31.974271 7fd9a54d4c80   Options.soft_pending_compaction_bytes_limit: 68719476736
2022/03/09-20:37:31.974273 7fd9a54d4c80   Options.hard_pending_compaction_bytes_limit: 274877906944
2022/03/09-20:37:31.974275 7fd9a54d4c80       Options.rate_limit_delay_max_milliseconds: 100
2022/03/09-20:37:31.974277 7fd9a54d4c80                Options.disable_auto_compactions: 1
2022/03/09-20:37:31.974280 7fd9a54d4c80                        Options.compaction_style: kCompactionStyleLevel
2022/03/09-20:37:31.974282 7fd9a54d4c80                          Options.compaction_pri: kMinOverlappingRatio
2022/03/09-20:37:31.974284 7fd9a54d4c80 Options.compaction_options_universal.size_ratio: 1
2022/03/09-20:37:31.974286 7fd9a54d4c80 Options.compaction_options_universal.min_merge_width: 2
2022/03/09-20:37:31.974288 7fd9a54d4c80 Options.compaction_options_universal.max_merge_width: 4294967295
2022/03/09-20:37:31.974290 7fd9a54d4c80 Options.compaction_options_universal.max_size_amplification_percent: 200
2022/03/09-20:37:31.974292 7fd9a54d4c80 Options.compaction_options_universal.compression_size_percent: -1
2022/03/09-20:37:31.974294 7fd9a54d4c80 Options.compaction_options_universal.stop_style: kCompactionStopStyleTotalSize
2022/03/09-20:37:31.974296 7fd9a54d4c80 Options.compaction_options_fifo.max_table_files_size: 1073741824
2022/03/09-20:37:31.974298 7fd9a54d4c80 Options.compaction_options_fifo.allow_compaction: 0
2022/03/09-20:37:31.974308 7fd9a54d4c80                   Options.table_properties_collectors: 
2022/03/09-20:37:31.974310 7fd9a54d4c80                   Options.inplace_update_support: 0
2022/03/09-20:37:31.974312 7fd9a54d4c80                 Options.inplace_update_num_locks: 10000
2022/03/09-20:37:31.974314 7fd9a54d4c80               Options.memtable_prefix_bloom_size_ratio: 0.000000
2022/03/09-20:37:31.974316 7fd9a54d4c80               Options.memtable_whole_key_filtering: 0
2022/03/09-20:37:31.974318 7fd9a54d4c80   Options.memtable_huge_page_size: 0
2022/03/09-20:37:31.974320 7fd9a54d4c80                           Options.bloom_locality: 0
2022/03/09-20:37:31.974322 7fd9a54d4c80                    Options.max_successive_merges: 0
2022/03/09-20:37:31.974323 7fd9a54d4c80                Options.optimize_filters_for_hits: 0
2022/03/09-20:37:31.974325 7fd9a54d4c80                Options.paranoid_file_checks: 0
2022/03/09-20:37:31.974327 7fd9a54d4c80                Options.force_consistency_checks: 1
2022/03/09-20:37:31.974338 7fd9a54d4c80                Options.report_bg_io_stats: 0
2022/03/09-20:37:31.974340 7fd9a54d4c80                               Options.ttl: 2592000
2022/03/09-20:37:31.974341 7fd9a54d4c80          Options.periodic_compaction_seconds: 2592000
2022/03/09-20:37:31.974343 7fd9a54d4c80                    Options.enable_blob_files: false
2022/03/09-20:37:31.974345 7fd9a54d4c80                        Options.min_blob_size: 0
2022/03/09-20:37:31.974347 7fd9a54d4c80                       Options.blob_file_size: 268435456
2022/03/09-20:37:31.974349 7fd9a54d4c80                Options.blob_compression_type: NoCompression
2022/03/09-20:37:31.974351 7fd9a54d4c80       Options.enable_blob_garbage_collection: false
2022/03/09-20:37:31.974352 7fd9a54d4c80   Options.blob_garbage_collection_age_cutoff: 0.250000
2022/03/09-20:37:31.974407 7fd9a54d4c80 [db/db_impl/db_impl.cc:2654] Created column family [FZ] (ID 2)
2022/03/09-20:37:31.985763 7fd9a54d4c80 [db/column_family.cc:595] --------------- Options for column family [NZ]:
2022/03/09-20:37:31.985776 7fd9a54d4c80               Options.comparator: leveldb.BytewiseComparator
2022/03/09-20:37:31.985780 7fd9a54d4c80           Options.merge_operator: None
2022/03/09-20:37:31.985784 7fd9a54d4c80        Options.compaction_filter: filter_outdated
2022/03/09-20:37:31.985787 7fd9a54d4c80        Options.compaction_filter_factory: None
2022/03/09-20:37:31.985789 7fd9a54d4c80  Options.sst_partitioner_factory: None
2022/03/09-20:37:31.985791 7fd9a54d4c80         Options.memtable_factory: SkipListFactory
2022/03/09-20:37:31.985793 7fd9a54d4c80            Options.table_factory: BlockBasedTable
2022/03/09-20:37:31.985843 7fd9a54d4c80            table_factory options:   flush_block_policy_factory: FlushBlockBySizePolicyFactory (0x55a196573b50)
  cache_index_and_filter_blocks: 0
  cache_index_and_filter_blocks_with_high_priority: 1
  pin_l0_filter_and_index_blocks_in_cache: 0
  pin_top_level_index_and_filter: 1
  index_type: 0
  data_block_index_type: 0
  index_shortening: 1
  data_block_hash_table_util_ratio: 0.750000
  hash_index_allow_collision: 1
  checksum: 1
  no_block_cache: 0
  block_cache: 0x55a196573ba0
  block_cache_name: LRUCache
  block_cache_options:
    capacity : 8388608
    num_shard_bits : 4
    strict_capacity_limit : 0
    memory_allocator : None
    high_pri_pool_ratio: 0.000
  block_cache_compressed: (nil)
  persistent_cache: (nil)
  block_size: 4096
  block_size_deviation: 10
  block_restart_interval: 16
  index_block_restart_interval: 1
  metadata_block_size: 4096
  partition_filters: 0
  use_delta_encoding: 1
  filter_policy: nullptr
  whole_key_filtering: 1
  verify_compression: 0
  read_amp_bytes_per_bit: 0
  format_version: 4
  enable_index_compression: 1
  block_align: 0
2022/03/09-20:37:31.985846 7fd9a54d4c80        Options.write_buffer_size: 67108864
2022/03/09-20:37:31.985848 7fd9a54d4c80  Options.max_write_buffer_number: 2
2022/03/09-20:37:31.985851 7fd9a54d4c80          Options.compression: NoCompression
2022/03/09-20:37:31.985853 7fd9a54d4c80                  Options.bottommost_compression: Disabled
2022/03/09-20:37:31.985855 7fd9a54d4c80       Options.prefix_extractor: nullptr
2022/03/09-20:37:31.985857 7fd9a54d4c80   Options.memtable_insert_with_hint_prefix_extractor: nullptr
2022/03/09-20:37:31.985859 7fd9a54d4c80             Options.num_levels: 7
2022/03/09-20:37:31.985861 7fd9a54d4c80        Options.min_write_buffer_number_to_merge: 1
2022/03/09-20:37:31.985863 7fd9a54d4c80     Options.max_write_buffer_number_to_maintain: 0
