2022/03/05-23:49:19.156801 7f557d164c80 RocksDB version: 6.17.0
2022/03/05-23:49:19.156935 7f557d164c80 Git sha 0
2022/03/05-23:49:19.156998 7f557d164c80 DB SUMMARY
2022/03/05-23:49:19.156999 7f557d164c80 DB Session ID:  QOE6NDB0T7VQ4V8K8HWE
2022/03/05-23:49:19.157017 7f557d164c80 SST files in /home/patrick/InternetComputer/motokoBootcamp/hello/dailyChallenges/day_1/.dfx/state/replicated_state/node-100/ic_consensus_pool/consensus dir, Total Num: 0, files: 
2022/03/05-23:49:19.157019 7f557d164c80 Write Ahead Log file in /home/patrick/InternetComputer/motokoBootcamp/hello/dailyChallenges/day_1/.dfx/state/replicated_state/node-100/ic_consensus_pool/consensus: 
2022/03/05-23:49:19.157020 7f557d164c80                         Options.error_if_exists: 0
2022/03/05-23:49:19.157022 7f557d164c80                       Options.create_if_missing: 1
2022/03/05-23:49:19.157023 7f557d164c80                         Options.paranoid_checks: 1
2022/03/05-23:49:19.157024 7f557d164c80                               Options.track_and_verify_wals_in_manifest: 0
2022/03/05-23:49:19.157025 7f557d164c80                                     Options.env: 0x55e4e14062e0
2022/03/05-23:49:19.157027 7f557d164c80                                      Options.fs: Posix File System
2022/03/05-23:49:19.157028 7f557d164c80                                Options.info_log: 0x55e517c09160
2022/03/05-23:49:19.157029 7f557d164c80                Options.max_file_opening_threads: 16
2022/03/05-23:49:19.157030 7f557d164c80                              Options.statistics: (nil)
2022/03/05-23:49:19.157032 7f557d164c80                               Options.use_fsync: 1
2022/03/05-23:49:19.157033 7f557d164c80                       Options.max_log_file_size: 0
2022/03/05-23:49:19.157034 7f557d164c80                  Options.max_manifest_file_size: 1073741824
2022/03/05-23:49:19.157035 7f557d164c80                   Options.log_file_time_to_roll: 0
2022/03/05-23:49:19.157036 7f557d164c80                       Options.keep_log_file_num: 1000
2022/03/05-23:49:19.157037 7f557d164c80                    Options.recycle_log_file_num: 0
2022/03/05-23:49:19.157713 7f557d164c80                         Options.allow_fallocate: 1
2022/03/05-23:49:19.157720 7f557d164c80                        Options.allow_mmap_reads: 0
2022/03/05-23:49:19.157721 7f557d164c80                       Options.allow_mmap_writes: 0
2022/03/05-23:49:19.157722 7f557d164c80                        Options.use_direct_reads: 0
2022/03/05-23:49:19.157723 7f557d164c80                        Options.use_direct_io_for_flush_and_compaction: 0
2022/03/05-23:49:19.157725 7f557d164c80          Options.create_missing_column_families: 1
2022/03/05-23:49:19.157726 7f557d164c80                              Options.db_log_dir: 
2022/03/05-23:49:19.157727 7f557d164c80                                 Options.wal_dir: /home/patrick/InternetComputer/motokoBootcamp/hello/dailyChallenges/day_1/.dfx/state/replicated_state/node-100/ic_consensus_pool/consensus
2022/03/05-23:49:19.157729 7f557d164c80                Options.table_cache_numshardbits: 6
2022/03/05-23:49:19.157730 7f557d164c80                         Options.WAL_ttl_seconds: 0
2022/03/05-23:49:19.157731 7f557d164c80                       Options.WAL_size_limit_MB: 0
2022/03/05-23:49:19.157732 7f557d164c80                        Options.max_write_batch_group_size_bytes: 1048576
2022/03/05-23:49:19.157733 7f557d164c80             Options.manifest_preallocation_size: 4194304
2022/03/05-23:49:19.157734 7f557d164c80                     Options.is_fd_close_on_exec: 1
2022/03/05-23:49:19.157735 7f557d164c80                   Options.advise_random_on_open: 1
2022/03/05-23:49:19.157736 7f557d164c80                    Options.db_write_buffer_size: 0
2022/03/05-23:49:19.157737 7f557d164c80                    Options.write_buffer_manager: 0x55e517c38a60
2022/03/05-23:49:19.157738 7f557d164c80         Options.access_hint_on_compaction_start: 1
2022/03/05-23:49:19.157739 7f557d164c80  Options.new_table_reader_for_compaction_inputs: 0
2022/03/05-23:49:19.157741 7f557d164c80           Options.random_access_max_buffer_size: 1048576
2022/03/05-23:49:19.157742 7f557d164c80                      Options.use_adaptive_mutex: 0
2022/03/05-23:49:19.157781 7f557d164c80                            Options.rate_limiter: (nil)
2022/03/05-23:49:19.157783 7f557d164c80     Options.sst_file_manager.rate_bytes_per_sec: 0
2022/03/05-23:49:19.157784 7f557d164c80                       Options.wal_recovery_mode: 2
2022/03/05-23:49:19.157785 7f557d164c80                  Options.enable_thread_tracking: 0
2022/03/05-23:49:19.157786 7f557d164c80                  Options.enable_pipelined_write: 0
2022/03/05-23:49:19.157787 7f557d164c80                  Options.unordered_write: 0
2022/03/05-23:49:19.157788 7f557d164c80         Options.allow_concurrent_memtable_write: 1
2022/03/05-23:49:19.157789 7f557d164c80      Options.enable_write_thread_adaptive_yield: 1
2022/03/05-23:49:19.157790 7f557d164c80             Options.write_thread_max_yield_usec: 100
2022/03/05-23:49:19.157791 7f557d164c80            Options.write_thread_slow_yield_usec: 3
2022/03/05-23:49:19.157792 7f557d164c80                               Options.row_cache: None
2022/03/05-23:49:19.157793 7f557d164c80                              Options.wal_filter: None
2022/03/05-23:49:19.157795 7f557d164c80             Options.avoid_flush_during_recovery: 0
2022/03/05-23:49:19.157796 7f557d164c80             Options.allow_ingest_behind: 0
2022/03/05-23:49:19.157797 7f557d164c80             Options.preserve_deletes: 0
2022/03/05-23:49:19.157798 7f557d164c80             Options.two_write_queues: 0
2022/03/05-23:49:19.157799 7f557d164c80             Options.manual_wal_flush: 0
2022/03/05-23:49:19.157800 7f557d164c80             Options.atomic_flush: 0
2022/03/05-23:49:19.157801 7f557d164c80             Options.avoid_unnecessary_blocking_io: 0
2022/03/05-23:49:19.157802 7f557d164c80                 Options.persist_stats_to_disk: 0
2022/03/05-23:49:19.157803 7f557d164c80                 Options.write_dbid_to_manifest: 0
2022/03/05-23:49:19.157804 7f557d164c80                 Options.log_readahead_size: 0
2022/03/05-23:49:19.157805 7f557d164c80                 Options.file_checksum_gen_factory: Unknown
2022/03/05-23:49:19.157806 7f557d164c80                 Options.best_efforts_recovery: 0
2022/03/05-23:49:19.157807 7f557d164c80                Options.max_bgerror_resume_count: 2147483647
2022/03/05-23:49:19.157809 7f557d164c80            Options.bgerror_resume_retry_interval: 1000000
2022/03/05-23:49:19.157810 7f557d164c80             Options.allow_data_in_errors: 0
2022/03/05-23:49:19.157811 7f557d164c80             Options.db_host_id: __hostname__
2022/03/05-23:49:19.157812 7f557d164c80             Options.max_background_jobs: 2
2022/03/05-23:49:19.157813 7f557d164c80             Options.max_background_compactions: -1
2022/03/05-23:49:19.157814 7f557d164c80             Options.max_subcompactions: 1
2022/03/05-23:49:19.157815 7f557d164c80             Options.avoid_flush_during_shutdown: 0
2022/03/05-23:49:19.157816 7f557d164c80           Options.writable_file_max_buffer_size: 1048576
2022/03/05-23:49:19.157817 7f557d164c80             Options.delayed_write_rate : 16777216
2022/03/05-23:49:19.157818 7f557d164c80             Options.max_total_wal_size: 0
2022/03/05-23:49:19.157819 7f557d164c80             Options.delete_obsolete_files_period_micros: 21600000000
2022/03/05-23:49:19.157820 7f557d164c80                   Options.stats_dump_period_sec: 600
2022/03/05-23:49:19.157821 7f557d164c80                 Options.stats_persist_period_sec: 600
2022/03/05-23:49:19.157822 7f557d164c80                 Options.stats_history_buffer_size: 1048576
2022/03/05-23:49:19.157824 7f557d164c80                          Options.max_open_files: -1
2022/03/05-23:49:19.157825 7f557d164c80                          Options.bytes_per_sync: 0
2022/03/05-23:49:19.157826 7f557d164c80                      Options.wal_bytes_per_sync: 0
2022/03/05-23:49:19.157827 7f557d164c80                   Options.strict_bytes_per_sync: 0
2022/03/05-23:49:19.157828 7f557d164c80       Options.compaction_readahead_size: 0
2022/03/05-23:49:19.157829 7f557d164c80                  Options.max_background_flushes: -1
2022/03/05-23:49:19.157834 7f557d164c80 Compression algorithms supported:
2022/03/05-23:49:19.157836 7f557d164c80 	kZSTDNotFinalCompression supported: 1
2022/03/05-23:49:19.157844 7f557d164c80 	kZSTD supported: 1
2022/03/05-23:49:19.157845 7f557d164c80 	kXpressCompression supported: 0
2022/03/05-23:49:19.157846 7f557d164c80 	kLZ4HCCompression supported: 1
2022/03/05-23:49:19.157847 7f557d164c80 	kLZ4Compression supported: 1
2022/03/05-23:49:19.157848 7f557d164c80 	kBZip2Compression supported: 1
2022/03/05-23:49:19.157849 7f557d164c80 	kZlibCompression supported: 1
2022/03/05-23:49:19.157851 7f557d164c80 	kSnappyCompression supported: 1
2022/03/05-23:49:19.157860 7f557d164c80 Fast CRC32 supported: Supported on x86
2022/03/05-23:49:19.161838 7f557d164c80 [db/db_impl/db_impl_open.cc:283] Creating manifest 1 
2022/03/05-23:49:19.173016 7f557d164c80 [db/version_set.cc:4758] Recovering from manifest file: /home/patrick/InternetComputer/motokoBootcamp/hello/dailyChallenges/day_1/.dfx/state/replicated_state/node-100/ic_consensus_pool/consensus/MANIFEST-000001
2022/03/05-23:49:19.174005 7f557d164c80 [db/column_family.cc:595] --------------- Options for column family [default]:
2022/03/05-23:49:19.174011 7f557d164c80               Options.comparator: leveldb.BytewiseComparator
2022/03/05-23:49:19.174013 7f557d164c80           Options.merge_operator: None
2022/03/05-23:49:19.174014 7f557d164c80        Options.compaction_filter: None
2022/03/05-23:49:19.174015 7f557d164c80        Options.compaction_filter_factory: None
2022/03/05-23:49:19.174016 7f557d164c80  Options.sst_partitioner_factory: None
2022/03/05-23:49:19.174017 7f557d164c80         Options.memtable_factory: SkipListFactory
2022/03/05-23:49:19.174019 7f557d164c80            Options.table_factory: BlockBasedTable
2022/03/05-23:49:19.174051 7f557d164c80            table_factory options:   flush_block_policy_factory: FlushBlockBySizePolicyFactory (0x55e517c36490)
  cache_index_and_filter_blocks: 0
  cache_index_and_filter_blocks_with_high_priority: 1
  pin_l0_filter_and_index_blocks_in_cache: 0
  pin_top_level_index_and_filter: 1
  index_type: 0
  data_block_index_type: 0
  index_shortening: 1
  data_block_hash_table_util_ratio: 0.750000
  hash_index_allow_collision: 1
  checksum: 1
  no_block_cache: 0
  block_cache: 0x55e517c364e0
  block_cache_name: LRUCache
  block_cache_options:
    capacity : 8388608
    num_shard_bits : 4
    strict_capacity_limit : 0
    memory_allocator : None
    high_pri_pool_ratio: 0.000
  block_cache_compressed: (nil)
  persistent_cache: (nil)
  block_size: 4096
  block_size_deviation: 10
  block_restart_interval: 16
  index_block_restart_interval: 1
  metadata_block_size: 4096
  partition_filters: 0
  use_delta_encoding: 1
  filter_policy: nullptr
  whole_key_filtering: 1
  verify_compression: 0
  read_amp_bytes_per_bit: 0
  format_version: 4
  enable_index_compression: 1
  block_align: 0
2022/03/05-23:49:19.174062 7f557d164c80        Options.write_buffer_size: 67108864
2022/03/05-23:49:19.174063 7f557d164c80  Options.max_write_buffer_number: 2
2022/03/05-23:49:19.174064 7f557d164c80          Options.compression: Snappy
2022/03/05-23:49:19.174065 7f557d164c80                  Options.bottommost_compression: Disabled
2022/03/05-23:49:19.174066 7f557d164c80       Options.prefix_extractor: nullptr
2022/03/05-23:49:19.174068 7f557d164c80   Options.memtable_insert_with_hint_prefix_extractor: nullptr
2022/03/05-23:49:19.174069 7f557d164c80             Options.num_levels: 7
2022/03/05-23:49:19.174070 7f557d164c80        Options.min_write_buffer_number_to_merge: 1
2022/03/05-23:49:19.174071 7f557d164c80     Options.max_write_buffer_number_to_maintain: 0
2022/03/05-23:49:19.174072 7f557d164c80     Options.max_write_buffer_size_to_maintain: 0
2022/03/05-23:49:19.174073 7f557d164c80            Options.bottommost_compression_opts.window_bits: -14
2022/03/05-23:49:19.174075 7f557d164c80                  Options.bottommost_compression_opts.level: 32767
2022/03/05-23:49:19.174076 7f557d164c80               Options.bottommost_compression_opts.strategy: 0
2022/03/05-23:49:19.174097 7f557d164c80         Options.bottommost_compression_opts.max_dict_bytes: 0
2022/03/05-23:49:19.174098 7f557d164c80         Options.bottommost_compression_opts.zstd_max_train_bytes: 0
2022/03/05-23:49:19.174099 7f557d164c80         Options.bottommost_compression_opts.parallel_threads: 1
2022/03/05-23:49:19.174100 7f557d164c80                  Options.bottommost_compression_opts.enabled: false
2022/03/05-23:49:19.174101 7f557d164c80            Options.compression_opts.window_bits: -14
2022/03/05-23:49:19.174102 7f557d164c80                  Options.compression_opts.level: 32767
2022/03/05-23:49:19.174103 7f557d164c80               Options.compression_opts.strategy: 0
2022/03/05-23:49:19.174104 7f557d164c80         Options.compression_opts.max_dict_bytes: 0
2022/03/05-23:49:19.174105 7f557d164c80         Options.compression_opts.zstd_max_train_bytes: 0
2022/03/05-23:49:19.174106 7f557d164c80         Options.compression_opts.parallel_threads: 1
2022/03/05-23:49:19.174107 7f557d164c80                  Options.compression_opts.enabled: false
2022/03/05-23:49:19.174108 7f557d164c80      Options.level0_file_num_compaction_trigger: 4
2022/03/05-23:49:19.174109 7f557d164c80          Options.level0_slowdown_writes_trigger: 20
2022/03/05-23:49:19.174111 7f557d164c80              Options.level0_stop_writes_trigger: 36
2022/03/05-23:49:19.174112 7f557d164c80                   Options.target_file_size_base: 67108864
2022/03/05-23:49:19.174113 7f557d164c80             Options.target_file_size_multiplier: 1
2022/03/05-23:49:19.174114 7f557d164c80                Options.max_bytes_for_level_base: 268435456
2022/03/05-23:49:19.174115 7f557d164c80 Options.level_compaction_dynamic_level_bytes: 0
2022/03/05-23:49:19.174116 7f557d164c80          Options.max_bytes_for_level_multiplier: 10.000000
2022/03/05-23:49:19.174118 7f557d164c80 Options.max_bytes_for_level_multiplier_addtl[0]: 1
2022/03/05-23:49:19.174119 7f557d164c80 Options.max_bytes_for_level_multiplier_addtl[1]: 1
2022/03/05-23:49:19.174121 7f557d164c80 Options.max_bytes_for_level_multiplier_addtl[2]: 1
2022/03/05-23:49:19.174122 7f557d164c80 Options.max_bytes_for_level_multiplier_addtl[3]: 1
2022/03/05-23:49:19.174123 7f557d164c80 Options.max_bytes_for_level_multiplier_addtl[4]: 1
2022/03/05-23:49:19.174124 7f557d164c80 Options.max_bytes_for_level_multiplier_addtl[5]: 1
2022/03/05-23:49:19.174125 7f557d164c80 Options.max_bytes_for_level_multiplier_addtl[6]: 1
2022/03/05-23:49:19.174126 7f557d164c80       Options.max_sequential_skip_in_iterations: 8
2022/03/05-23:49:19.174127 7f557d164c80                    Options.max_compaction_bytes: 1677721600
2022/03/05-23:49:19.174128 7f557d164c80                        Options.arena_block_size: 8388608
2022/03/05-23:49:19.174129 7f557d164c80   Options.soft_pending_compaction_bytes_limit: 68719476736
2022/03/05-23:49:19.174130 7f557d164c80   Options.hard_pending_compaction_bytes_limit: 274877906944
2022/03/05-23:49:19.174131 7f557d164c80       Options.rate_limit_delay_max_milliseconds: 100
2022/03/05-23:49:19.174132 7f557d164c80                Options.disable_auto_compactions: 0
2022/03/05-23:49:19.174134 7f557d164c80                        Options.compaction_style: kCompactionStyleLevel
2022/03/05-23:49:19.174136 7f557d164c80                          Options.compaction_pri: kMinOverlappingRatio
2022/03/05-23:49:19.174137 7f557d164c80 Options.compaction_options_universal.size_ratio: 1
2022/03/05-23:49:19.174138 7f557d164c80 Options.compaction_options_universal.min_merge_width: 2
2022/03/05-23:49:19.174139 7f557d164c80 Options.compaction_options_universal.max_merge_width: 4294967295
2022/03/05-23:49:19.174140 7f557d164c80 Options.compaction_options_universal.max_size_amplification_percent: 200
2022/03/05-23:49:19.174141 7f557d164c80 Options.compaction_options_universal.compression_size_percent: -1
2022/03/05-23:49:19.174143 7f557d164c80 Options.compaction_options_universal.stop_style: kCompactionStopStyleTotalSize
2022/03/05-23:49:19.174144 7f557d164c80 Options.compaction_options_fifo.max_table_files_size: 1073741824
2022/03/05-23:49:19.174150 7f557d164c80 Options.compaction_options_fifo.allow_compaction: 0
2022/03/05-23:49:19.174158 7f557d164c80                   Options.table_properties_collectors: 
2022/03/05-23:49:19.174159 7f557d164c80                   Options.inplace_update_support: 0
2022/03/05-23:49:19.174160 7f557d164c80                 Options.inplace_update_num_locks: 10000
2022/03/05-23:49:19.174161 7f557d164c80               Options.memtable_prefix_bloom_size_ratio: 0.000000
2022/03/05-23:49:19.174162 7f557d164c80               Options.memtable_whole_key_filtering: 0
2022/03/05-23:49:19.174163 7f557d164c80   Options.memtable_huge_page_size: 0
2022/03/05-23:49:19.174164 7f557d164c80                           Options.bloom_locality: 0
2022/03/05-23:49:19.174165 7f557d164c80                    Options.max_successive_merges: 0
2022/03/05-23:49:19.174167 7f557d164c80                Options.optimize_filters_for_hits: 0
2022/03/05-23:49:19.174167 7f557d164c80                Options.paranoid_file_checks: 0
2022/03/05-23:49:19.174168 7f557d164c80                Options.force_consistency_checks: 1
2022/03/05-23:49:19.174169 7f557d164c80                Options.report_bg_io_stats: 0
2022/03/05-23:49:19.174170 7f557d164c80                               Options.ttl: 2592000
2022/03/05-23:49:19.174172 7f557d164c80          Options.periodic_compaction_seconds: 0
2022/03/05-23:49:19.174173 7f557d164c80                    Options.enable_blob_files: false
2022/03/05-23:49:19.174174 7f557d164c80                        Options.min_blob_size: 0
2022/03/05-23:49:19.174175 7f557d164c80                       Options.blob_file_size: 268435456
2022/03/05-23:49:19.174176 7f557d164c80                Options.blob_compression_type: NoCompression
2022/03/05-23:49:19.174177 7f557d164c80       Options.enable_blob_garbage_collection: false
2022/03/05-23:49:19.174178 7f557d164c80   Options.blob_garbage_collection_age_cutoff: 0.250000
2022/03/05-23:49:19.177300 7f557d164c80 [db/version_set.cc:4798] Recovered from manifest file:/home/patrick/InternetComputer/motokoBootcamp/hello/dailyChallenges/day_1/.dfx/state/replicated_state/node-100/ic_consensus_pool/consensus/MANIFEST-000001 succeeded,manifest_file_number is 1, next_file_number is 3, last_sequence is 0, log_number is 0,prev_log_number is 0,max_column_family is 0,min_log_number_to_keep is 0
2022/03/05-23:49:19.177313 7f557d164c80 [db/version_set.cc:4813] Column family [default] (ID 0), log number is 0
2022/03/05-23:49:19.177410 7f557d164c80 [db/version_set.cc:4112] Creating manifest 3
2022/03/05-23:49:19.191216 7f557d164c80 [db/column_family.cc:595] --------------- Options for column family [RB]:
2022/03/05-23:49:19.191228 7f557d164c80               Options.comparator: leveldb.BytewiseComparator
2022/03/05-23:49:19.191229 7f557d164c80           Options.merge_operator: None
2022/03/05-23:49:19.191232 7f557d164c80        Options.compaction_filter: filter_outdated
2022/03/05-23:49:19.191234 7f557d164c80        Options.compaction_filter_factory: None
2022/03/05-23:49:19.191235 7f557d164c80  Options.sst_partitioner_factory: None
2022/03/05-23:49:19.191236 7f557d164c80         Options.memtable_factory: SkipListFactory
2022/03/05-23:49:19.191237 7f557d164c80            Options.table_factory: BlockBasedTable
2022/03/05-23:49:19.191264 7f557d164c80            table_factory options:   flush_block_policy_factory: FlushBlockBySizePolicyFactory (0x55e517c1c5f0)
  cache_index_and_filter_blocks: 0
  cache_index_and_filter_blocks_with_high_priority: 1
  pin_l0_filter_and_index_blocks_in_cache: 0
  pin_top_level_index_and_filter: 1
  index_type: 0
  data_block_index_type: 0
  index_shortening: 1
  data_block_hash_table_util_ratio: 0.750000
  hash_index_allow_collision: 1
  checksum: 1
  no_block_cache: 0
  block_cache: 0x55e517c1c640
  block_cache_name: LRUCache
  block_cache_options:
    capacity : 8388608
    num_shard_bits : 4
    strict_capacity_limit : 0
    memory_allocator : None
    high_pri_pool_ratio: 0.000
  block_cache_compressed: (nil)
  persistent_cache: (nil)
  block_size: 4096
  block_size_deviation: 10
  block_restart_interval: 16
  index_block_restart_interval: 1
  metadata_block_size: 4096
  partition_filters: 0
  use_delta_encoding: 1
  filter_policy: nullptr
  whole_key_filtering: 1
  verify_compression: 0
  read_amp_bytes_per_bit: 0
  format_version: 4
  enable_index_compression: 1
  block_align: 0
2022/03/05-23:49:19.191267 7f557d164c80        Options.write_buffer_size: 67108864
2022/03/05-23:49:19.191268 7f557d164c80  Options.max_write_buffer_number: 2
2022/03/05-23:49:19.191269 7f557d164c80          Options.compression: NoCompression
2022/03/05-23:49:19.191270 7f557d164c80                  Options.bottommost_compression: Disabled
2022/03/05-23:49:19.191271 7f557d164c80       Options.prefix_extractor: nullptr
2022/03/05-23:49:19.191273 7f557d164c80   Options.memtable_insert_with_hint_prefix_extractor: nullptr
2022/03/05-23:49:19.191274 7f557d164c80             Options.num_levels: 7
2022/03/05-23:49:19.191275 7f557d164c80        Options.min_write_buffer_number_to_merge: 1
2022/03/05-23:49:19.191276 7f557d164c80     Options.max_write_buffer_number_to_maintain: 0
2022/03/05-23:49:19.191277 7f557d164c80     Options.max_write_buffer_size_to_maintain: 0
2022/03/05-23:49:19.191278 7f557d164c80            Options.bottommost_compression_opts.window_bits: -14
2022/03/05-23:49:19.191279 7f557d164c80                  Options.bottommost_compression_opts.level: 32767
2022/03/05-23:49:19.191280 7f557d164c80               Options.bottommost_compression_opts.strategy: 0
2022/03/05-23:49:19.191281 7f557d164c80         Options.bottommost_compression_opts.max_dict_bytes: 0
2022/03/05-23:49:19.191282 7f557d164c80         Options.bottommost_compression_opts.zstd_max_train_bytes: 0
2022/03/05-23:49:19.191283 7f557d164c80         Options.bottommost_compression_opts.parallel_threads: 1
2022/03/05-23:49:19.191284 7f557d164c80                  Options.bottommost_compression_opts.enabled: false
2022/03/05-23:49:19.191285 7f557d164c80            Options.compression_opts.window_bits: -14
2022/03/05-23:49:19.191286 7f557d164c80                  Options.compression_opts.level: 32767
2022/03/05-23:49:19.191287 7f557d164c80               Options.compression_opts.strategy: 0
2022/03/05-23:49:19.191288 7f557d164c80         Options.compression_opts.max_dict_bytes: 0
2022/03/05-23:49:19.191289 7f557d164c80         Options.compression_opts.zstd_max_train_bytes: 0
2022/03/05-23:49:19.191290 7f557d164c80         Options.compression_opts.parallel_threads: 1
2022/03/05-23:49:19.191291 7f557d164c80                  Options.compression_opts.enabled: false
2022/03/05-23:49:19.191322 7f557d164c80      Options.level0_file_num_compaction_trigger: 4
2022/03/05-23:49:19.191323 7f557d164c80          Options.level0_slowdown_writes_trigger: 20
2022/03/05-23:49:19.191324 7f557d164c80              Options.level0_stop_writes_trigger: 36
2022/03/05-23:49:19.191325 7f557d164c80                   Options.target_file_size_base: 67108864
2022/03/05-23:49:19.191326 7f557d164c80             Options.target_file_size_multiplier: 1
2022/03/05-23:49:19.191327 7f557d164c80                Options.max_bytes_for_level_base: 268435456
2022/03/05-23:49:19.191329 7f557d164c80 Options.level_compaction_dynamic_level_bytes: 0
2022/03/05-23:49:19.191330 7f557d164c80          Options.max_bytes_for_level_multiplier: 10.000000
2022/03/05-23:49:19.191332 7f557d164c80 Options.max_bytes_for_level_multiplier_addtl[0]: 1
2022/03/05-23:49:19.191333 7f557d164c80 Options.max_bytes_for_level_multiplier_addtl[1]: 1
2022/03/05-23:49:19.191334 7f557d164c80 Options.max_bytes_for_level_multiplier_addtl[2]: 1
2022/03/05-23:49:19.191336 7f557d164c80 Options.max_bytes_for_level_multiplier_addtl[3]: 1
2022/03/05-23:49:19.191337 7f557d164c80 Options.max_bytes_for_level_multiplier_addtl[4]: 1
2022/03/05-23:49:19.191338 7f557d164c80 Options.max_bytes_for_level_multiplier_addtl[5]: 1
2022/03/05-23:49:19.191339 7f557d164c80 Options.max_bytes_for_level_multiplier_addtl[6]: 1
2022/03/05-23:49:19.191340 7f557d164c80       Options.max_sequential_skip_in_iterations: 8
2022/03/05-23:49:19.191341 7f557d164c80                    Options.max_compaction_bytes: 1677721600
2022/03/05-23:49:19.191342 7f557d164c80                        Options.arena_block_size: 8388608
2022/03/05-23:49:19.191343 7f557d164c80   Options.soft_pending_compaction_bytes_limit: 68719476736
2022/03/05-23:49:19.191344 7f557d164c80   Options.hard_pending_compaction_bytes_limit: 274877906944
2022/03/05-23:49:19.191345 7f557d164c80       Options.rate_limit_delay_max_milliseconds: 100
2022/03/05-23:49:19.191346 7f557d164c80                Options.disable_auto_compactions: 1
2022/03/05-23:49:19.191349 7f557d164c80                        Options.compaction_style: kCompactionStyleLevel
2022/03/05-23:49:19.191350 7f557d164c80                          Options.compaction_pri: kMinOverlappingRatio
2022/03/05-23:49:19.191351 7f557d164c80 Options.compaction_options_universal.size_ratio: 1
2022/03/05-23:49:19.191352 7f557d164c80 Options.compaction_options_universal.min_merge_width: 2
2022/03/05-23:49:19.191353 7f557d164c80 Options.compaction_options_universal.max_merge_width: 4294967295
2022/03/05-23:49:19.191355 7f557d164c80 Options.compaction_options_universal.max_size_amplification_percent: 200
2022/03/05-23:49:19.191356 7f557d164c80 Options.compaction_options_universal.compression_size_percent: -1
2022/03/05-23:49:19.191357 7f557d164c80 Options.compaction_options_universal.stop_style: kCompactionStopStyleTotalSize
2022/03/05-23:49:19.191358 7f557d164c80 Options.compaction_options_fifo.max_table_files_size: 1073741824
2022/03/05-23:49:19.191359 7f557d164c80 Options.compaction_options_fifo.allow_compaction: 0
2022/03/05-23:49:19.191367 7f557d164c80                   Options.table_properties_collectors: 
2022/03/05-23:49:19.191368 7f557d164c80                   Options.inplace_update_support: 0
2022/03/05-23:49:19.191369 7f557d164c80                 Options.inplace_update_num_locks: 10000
2022/03/05-23:49:19.191370 7f557d164c80               Options.memtable_prefix_bloom_size_ratio: 0.000000
2022/03/05-23:49:19.191372 7f557d164c80               Options.memtable_whole_key_filtering: 0
2022/03/05-23:49:19.191373 7f557d164c80   Options.memtable_huge_page_size: 0
2022/03/05-23:49:19.191374 7f557d164c80                           Options.bloom_locality: 0
2022/03/05-23:49:19.191375 7f557d164c80                    Options.max_successive_merges: 0
2022/03/05-23:49:19.191376 7f557d164c80                Options.optimize_filters_for_hits: 0
2022/03/05-23:49:19.191377 7f557d164c80                Options.paranoid_file_checks: 0
2022/03/05-23:49:19.191378 7f557d164c80                Options.force_consistency_checks: 1
2022/03/05-23:49:19.191383 7f557d164c80                Options.report_bg_io_stats: 0
2022/03/05-23:49:19.191385 7f557d164c80                               Options.ttl: 2592000
2022/03/05-23:49:19.191386 7f557d164c80          Options.periodic_compaction_seconds: 2592000
2022/03/05-23:49:19.191387 7f557d164c80                    Options.enable_blob_files: false
2022/03/05-23:49:19.191388 7f557d164c80                        Options.min_blob_size: 0
2022/03/05-23:49:19.191389 7f557d164c80                       Options.blob_file_size: 268435456
2022/03/05-23:49:19.191390 7f557d164c80                Options.blob_compression_type: NoCompression
2022/03/05-23:49:19.191391 7f557d164c80       Options.enable_blob_garbage_collection: false
2022/03/05-23:49:19.191392 7f557d164c80   Options.blob_garbage_collection_age_cutoff: 0.250000
2022/03/05-23:49:19.191433 7f557d164c80 [db/db_impl/db_impl.cc:2654] Created column family [RB] (ID 1)
2022/03/05-23:49:19.200194 7f557d164c80 [db/column_family.cc:595] --------------- Options for column family [FZ]:
2022/03/05-23:49:19.200205 7f557d164c80               Options.comparator: leveldb.BytewiseComparator
2022/03/05-23:49:19.200207 7f557d164c80           Options.merge_operator: None
2022/03/05-23:49:19.200210 7f557d164c80        Options.compaction_filter: filter_outdated
2022/03/05-23:49:19.200212 7f557d164c80        Options.compaction_filter_factory: None
2022/03/05-23:49:19.200213 7f557d164c80  Options.sst_partitioner_factory: None
2022/03/05-23:49:19.200214 7f557d164c80         Options.memtable_factory: SkipListFactory
2022/03/05-23:49:19.200215 7f557d164c80            Options.table_factory: BlockBasedTable
2022/03/05-23:49:19.200247 7f557d164c80            table_factory options:   flush_block_policy_factory: FlushBlockBySizePolicyFactory (0x55e517c1e8a0)
  cache_index_and_filter_blocks: 0
  cache_index_and_filter_blocks_with_high_priority: 1
  pin_l0_filter_and_index_blocks_in_cache: 0
  pin_top_level_index_and_filter: 1
  index_type: 0
  data_block_index_type: 0
  index_shortening: 1
  data_block_hash_table_util_ratio: 0.750000
  hash_index_allow_collision: 1
  checksum: 1
  no_block_cache: 0
  block_cache: 0x55e517c1e8f0
  block_cache_name: LRUCache
  block_cache_options:
    capacity : 8388608
    num_shard_bits : 4
    strict_capacity_limit : 0
    memory_allocator : None
    high_pri_pool_ratio: 0.000
  block_cache_compressed: (nil)
  persistent_cache: (nil)
  block_size: 4096
  block_size_deviation: 10
  block_restart_interval: 16
  index_block_restart_interval: 1
  metadata_block_size: 4096
  partition_filters: 0
  use_delta_encoding: 1
  filter_policy: nullptr
  whole_key_filtering: 1
  verify_compression: 0
  read_amp_bytes_per_bit: 0
  format_version: 4
  enable_index_compression: 1
  block_align: 0
2022/03/05-23:49:19.200249 7f557d164c80        Options.write_buffer_size: 67108864
2022/03/05-23:49:19.200250 7f557d164c80  Options.max_write_buffer_number: 2
2022/03/05-23:49:19.200252 7f557d164c80          Options.compression: NoCompression
2022/03/05-23:49:19.200253 7f557d164c80                  Options.bottommost_compression: Disabled
2022/03/05-23:49:19.200254 7f557d164c80       Options.prefix_extractor: nullptr
2022/03/05-23:49:19.200255 7f557d164c80   Options.memtable_insert_with_hint_prefix_extractor: nullptr
2022/03/05-23:49:19.200256 7f557d164c80             Options.num_levels: 7
2022/03/05-23:49:19.200257 7f557d164c80        Options.min_write_buffer_number_to_merge: 1
2022/03/05-23:49:19.200258 7f557d164c80     Options.max_write_buffer_number_to_maintain: 0
2022/03/05-23:49:19.200260 7f557d164c80     Options.max_write_buffer_size_to_maintain: 0
2022/03/05-23:49:19.200261 7f557d164c80            Options.bottommost_compression_opts.window_bits: -14
2022/03/05-23:49:19.200262 7f557d164c80                  Options.bottommost_compression_opts.level: 32767
2022/03/05-23:49:19.200263 7f557d164c80               Options.bottommost_compression_opts.strategy: 0
2022/03/05-23:49:19.200264 7f557d164c80         Options.bottommost_compression_opts.max_dict_bytes: 0
2022/03/05-23:49:19.200265 7f557d164c80         Options.bottommost_compression_opts.zstd_max_train_bytes: 0
2022/03/05-23:49:19.200267 7f557d164c80         Options.bottommost_compression_opts.parallel_threads: 1
2022/03/05-23:49:19.200268 7f557d164c80                  Options.bottommost_compression_opts.enabled: false
2022/03/05-23:49:19.200269 7f557d164c80            Options.compression_opts.window_bits: -14
2022/03/05-23:49:19.200270 7f557d164c80                  Options.compression_opts.level: 32767
2022/03/05-23:49:19.200271 7f557d164c80               Options.compression_opts.strategy: 0
2022/03/05-23:49:19.200272 7f557d164c80         Options.compression_opts.max_dict_bytes: 0
2022/03/05-23:49:19.200273 7f557d164c80         Options.compression_opts.zstd_max_train_bytes: 0
2022/03/05-23:49:19.200274 7f557d164c80         Options.compression_opts.parallel_threads: 1
2022/03/05-23:49:19.200275 7f557d164c80                  Options.compression_opts.enabled: false
2022/03/05-23:49:19.200292 7f557d164c80      Options.level0_file_num_compaction_trigger: 4
2022/03/05-23:49:19.200293 7f557d164c80          Options.level0_slowdown_writes_trigger: 20
2022/03/05-23:49:19.200294 7f557d164c80              Options.level0_stop_writes_trigger: 36
2022/03/05-23:49:19.200295 7f557d164c80                   Options.target_file_size_base: 67108864
2022/03/05-23:49:19.200296 7f557d164c80             Options.target_file_size_multiplier: 1
2022/03/05-23:49:19.200297 7f557d164c80                Options.max_bytes_for_level_base: 268435456
2022/03/05-23:49:19.200299 7f557d164c80 Options.level_compaction_dynamic_level_bytes: 0
2022/03/05-23:49:19.200300 7f557d164c80          Options.max_bytes_for_level_multiplier: 10.000000
2022/03/05-23:49:19.200302 7f557d164c80 Options.max_bytes_for_level_multiplier_addtl[0]: 1
2022/03/05-23:49:19.200303 7f557d164c80 Options.max_bytes_for_level_multiplier_addtl[1]: 1
2022/03/05-23:49:19.200304 7f557d164c80 Options.max_bytes_for_level_multiplier_addtl[2]: 1
2022/03/05-23:49:19.200305 7f557d164c80 Options.max_bytes_for_level_multiplier_addtl[3]: 1
2022/03/05-23:49:19.200306 7f557d164c80 Options.max_bytes_for_level_multiplier_addtl[4]: 1
2022/03/05-23:49:19.200307 7f557d164c80 Options.max_bytes_for_level_multiplier_addtl[5]: 1
2022/03/05-23:49:19.200308 7f557d164c80 Options.max_bytes_for_level_multiplier_addtl[6]: 1
2022/03/05-23:49:19.200310 7f557d164c80       Options.max_sequential_skip_in_iterations: 8
2022/03/05-23:49:19.200311 7f557d164c80                    Options.max_compaction_bytes: 1677721600
2022/03/05-23:49:19.200312 7f557d164c80                        Options.arena_block_size: 8388608
2022/03/05-23:49:19.200313 7f557d164c80   Options.soft_pending_compaction_bytes_limit: 68719476736
2022/03/05-23:49:19.200314 7f557d164c80   Options.hard_pending_compaction_bytes_limit: 274877906944
2022/03/05-23:49:19.200315 7f557d164c80       Options.rate_limit_delay_max_milliseconds: 100
2022/03/05-23:49:19.200316 7f557d164c80                Options.disable_auto_compactions: 1
2022/03/05-23:49:19.200318 7f557d164c80                        Options.compaction_style: kCompactionStyleLevel
2022/03/05-23:49:19.200320 7f557d164c80                          Options.compaction_pri: kMinOverlappingRatio
2022/03/05-23:49:19.200321 7f557d164c80 Options.compaction_options_universal.size_ratio: 1
2022/03/05-23:49:19.200322 7f557d164c80 Options.compaction_options_universal.min_merge_width: 2
2022/03/05-23:49:19.200323 7f557d164c80 Options.compaction_options_universal.max_merge_width: 4294967295
2022/03/05-23:49:19.200324 7f557d164c80 Options.compaction_options_universal.max_size_amplification_percent: 200
2022/03/05-23:49:19.200325 7f557d164c80 Options.compaction_options_universal.compression_size_percent: -1
2022/03/05-23:49:19.200327 7f557d164c80 Options.compaction_options_universal.stop_style: kCompactionStopStyleTotalSize
2022/03/05-23:49:19.200328 7f557d164c80 Options.compaction_options_fifo.max_table_files_size: 1073741824
2022/03/05-23:49:19.200329 7f557d164c80 Options.compaction_options_fifo.allow_compaction: 0
2022/03/05-23:49:19.200337 7f557d164c80                   Options.table_properties_collectors: 
2022/03/05-23:49:19.200338 7f557d164c80                   Options.inplace_update_support: 0
2022/03/05-23:49:19.200339 7f557d164c80                 Options.inplace_update_num_locks: 10000
2022/03/05-23:49:19.200340 7f557d164c80               Options.memtable_prefix_bloom_size_ratio: 0.000000
2022/03/05-23:49:19.200341 7f557d164c80               Options.memtable_whole_key_filtering: 0
2022/03/05-23:49:19.200342 7f557d164c80   Options.memtable_huge_page_size: 0
2022/03/05-23:49:19.200343 7f557d164c80                           Options.bloom_locality: 0
2022/03/05-23:49:19.200344 7f557d164c80                    Options.max_successive_merges: 0
2022/03/05-23:49:19.200345 7f557d164c80                Options.optimize_filters_for_hits: 0
2022/03/05-23:49:19.200346 7f557d164c80                Options.paranoid_file_checks: 0
2022/03/05-23:49:19.200347 7f557d164c80                Options.force_consistency_checks: 1
2022/03/05-23:49:19.200353 7f557d164c80                Options.report_bg_io_stats: 0
2022/03/05-23:49:19.200354 7f557d164c80                               Options.ttl: 2592000
2022/03/05-23:49:19.200355 7f557d164c80          Options.periodic_compaction_seconds: 2592000
2022/03/05-23:49:19.200356 7f557d164c80                    Options.enable_blob_files: false
2022/03/05-23:49:19.200357 7f557d164c80                        Options.min_blob_size: 0
2022/03/05-23:49:19.200358 7f557d164c80                       Options.blob_file_size: 268435456
2022/03/05-23:49:19.200359 7f557d164c80                Options.blob_compression_type: NoCompression
2022/03/05-23:49:19.200360 7f557d164c80       Options.enable_blob_garbage_collection: false
2022/03/05-23:49:19.200361 7f557d164c80   Options.blob_garbage_collection_age_cutoff: 0.250000
2022/03/05-23:49:19.200405 7f557d164c80 [db/db_impl/db_impl.cc:2654] Created column family [FZ] (ID 2)
2022/03/05-23:49:19.208667 7f557d164c80 [db/column_family.cc:595] --------------- Options for column family [NZ]:
2022/03/05-23:49:19.208678 7f557d164c80               Options.comparator: leveldb.BytewiseComparator
2022/03/05-23:49:19.208680 7f557d164c80           Options.merge_operator: None
2022/03/05-23:49:19.208683 7f557d164c80        Options.compaction_filter: filter_outdated
2022/03/05-23:49:19.208684 7f557d164c80        Options.compaction_filter_factory: None
2022/03/05-23:49:19.208685 7f557d164c80  Options.sst_partitioner_factory: None
2022/03/05-23:49:19.208686 7f557d164c80         Options.memtable_factory: SkipListFactory
2022/03/05-23:49:19.208687 7f557d164c80            Options.table_factory: BlockBasedTable
2022/03/05-23:49:19.208718 7f557d164c80            table_factory options:   flush_block_policy_factory: FlushBlockBySizePolicyFactory (0x55e517c20b50)
  cache_index_and_filter_blocks: 0
  cache_index_and_filter_blocks_with_high_priority: 1
  pin_l0_filter_and_index_blocks_in_cache: 0
  pin_top_level_index_and_filter: 1
  index_type: 0
  data_block_index_type: 0
  index_shortening: 1
  data_block_hash_table_util_ratio: 0.750000
  hash_index_allow_collision: 1
  checksum: 1
  no_block_cache: 0
  block_cache: 0x55e517c20ba0
  block_cache_name: LRUCache
  block_cache_options:
    capacity : 8388608
    num_shard_bits : 4
    strict_capacity_limit : 0
    memory_allocator : None
    high_pri_pool_ratio: 0.000
  block_cache_compressed: (nil)
  persistent_cache: (nil)
  block_size: 4096
  block_size_deviation: 10
  block_restart_interval: 16
  index_block_restart_interval: 1
  metadata_block_size: 4096
  partition_filters: 0
  use_delta_encoding: 1
  filter_policy: nullptr
  whole_key_filtering: 1
  verify_compression: 0
  read_amp_bytes_per_bit: 0
  format_version: 4
  enable_index_compression: 1
  block_align: 0
2022/03/05-23:49:19.208720 7f557d164c80        Options.write_buffer_size: 67108864
2022/03/05-23:49:19.208721 7f557d164c80  Options.max_write_buffer_number: 2
2022/03/05-23:49:19.208723 7f557d164c80          Options.compression: NoCompression
2022/03/05-23:49:19.208724 7f557d164c80                  Options.bottommost_compression: Disabled
2022/03/05-23:49:19.208725 7f557d164c80       Options.prefix_extractor: nullptr
2022/03/05-23:49:19.208726 7f557d164c80   Options.memtable_insert_with_hint_prefix_extractor: nullptr
2022/03/05-23:49:19.208727 7f557d164c80             Options.num_levels: 7
2022/03/05-23:49:19.208728 7f557d164c80        Options.min_write_buffer_number_to_merge: 1
2022/03/05-23:49:19.208729 7f557d164c80     Options.max_write_buffer_number_to_maintain: 0
